0.136908
0.136618
0.136330
0.136041
0.135753
0.135466
0.135179
0.134893
0.134608
0.134323
0.134039
0.133755
0.133472
0.133190
0.132908
0.132627
0.132347
0.132067
0.131787
0.131509
0.131231
0.130954
0.130678
0.130402
0.130127
0.129853
0.129580
0.129307
0.129035
0.128763
0.128493
0.128223
0.127954
0.127686
0.127418
0.127151
0.126885
0.126620
0.126355
0.126092
0.125829
0.125566
0.125305
0.125044
0.124785
0.124525
0.124267
0.124010
0.123753
0.123497
0.123242
0.122988
0.122734
0.122481
0.122230
0.121978
0.121728
0.121479
0.121230
0.120982
0.120735
0.120489
0.120244
0.119999
0.119755
0.119512
0.119270
0.119028
0.118788
0.118548
0.118309
0.118071
0.117834
0.117597
0.117361
0.117126
0.116892
0.116659
0.116426
0.116194
0.115963
0.115733
0.115504
0.115275
0.115047
0.114820
0.114594
0.114368
0.114144
0.113920
0.113696
0.113474
0.113252
0.113031
0.112811
0.112592
0.112373
0.112155
0.111938
0.111721
0.111506
0.111291
0.111076
0.110863
0.110650
0.110438
0.110227
0.110016
0.109807
0.109598
0.109389
0.109182
0.108975
0.108768
0.108563
0.108358
0.108154
0.107950
0.107747
0.107545
0.107344
0.107143
0.106943
0.106743
0.106545
0.106347
0.106149
0.105952
0.105756
0.105561
0.105366
0.105172
0.104978
0.104785
0.104593
0.104401
0.104210
0.104020
0.103830
0.103641
0.103452
0.103264
0.103077
0.102890
0.102704
0.102519
0.102334
0.102149
0.101966
0.101782
0.101600
0.101418
0.101236
0.101055
0.100875
0.100695
0.100516
0.100338
0.100159
0.099982
0.099805
0.099629
0.099453
0.099277
0.099103
0.098928
0.098755
0.098581
0.098409
0.098237
0.098065
0.097894
0.097723
0.097553
0.097383
0.097214
0.097046
0.096878
0.096710
0.096543
0.096377
0.096211
0.096045
0.095880
0.095715
0.095551
0.095388
0.095225
0.095062
0.094900
0.094738
0.094577
0.094416
0.094255
0.094096
0.093936
0.093777
0.093619
0.093461
0.093303
0.093146
0.092989
0.092833
0.092677
0.092522
0.092367
0.092212
0.092058
0.091904
0.091751
0.091598
0.091446
0.091294
0.091142
0.090991
0.090840
0.090690
0.090540
0.090391
0.090242
0.090093
0.089945
0.089797
0.089649
0.089502
0.089355
0.089209
0.089063
0.088918
0.088773
0.088628
0.088483
0.088340
0.088196
0.088053
0.087910
0.087767
0.087625
0.087484
0.087342
0.087201
0.087061
0.086920
0.086781
0.086641
0.086502
0.086363
0.086225
0.086087
0.085949
0.085812
0.085675
0.085538
0.085402
0.085266
0.085130
0.084995
0.084860
0.084726
0.084592
0.084458
0.084324
0.084191
0.084058
0.083926
0.083794
0.083662
0.083530
0.083399
0.083268
0.083138
0.083008
0.082878
0.082748
0.082619
0.082490
0.082362
0.082233
0.082106
0.081978
0.081851
0.081724
0.081597
0.081471
0.081345
0.081219
0.081094
0.080969
0.080844
0.080719
0.080595
0.080471
0.080348
0.080224
0.080101
0.079979
0.079856
0.079734
0.079613
0.079491
0.079370
0.079249
0.079129
0.079008
0.078888
0.078769
0.078649
0.078530
0.078411
0.078292
0.078174
0.078056
0.077938
0.077821
0.077704
0.077587
0.077470
0.077354
0.077238
0.077122
0.077007
0.076892
0.076777
0.076662
0.076548
0.076434
0.076320
0.076206
0.076093
0.075980
0.075867
0.075754
0.075642
0.075530
0.075418
0.075307
0.075196
0.075085
0.074974
0.074864
0.074754
0.074644
0.074534
0.074425
0.074316
0.074207
0.074098
0.073990
0.073881
0.073774
0.073666
0.073559
0.073451
0.073345
0.073238
0.073132
0.073025
0.072919
0.072814
0.072708
0.072603
0.072498
0.072394
0.072289
0.072185
0.072081
0.071977
0.071874
0.071770
0.071667
0.071565
0.071462
0.071360
0.071258
0.071156
0.071054
0.070953
0.070852
0.070751
0.070650
0.070549
0.070449
0.070349
0.070249
0.070150
0.070050
0.069951
0.069852
0.069754
0.069655
0.069557
0.069459
0.069361
0.069263
0.069166
0.069069
0.068972
0.068875
0.068779
0.068683
0.068586
0.068491
0.068395
0.068299
0.068204
0.068109
0.068014
0.067920
0.067825
0.067731
0.067637
0.067543
0.067450
0.067357
0.067263
0.067171
0.067078
0.066985
0.066893
0.066801
0.066709
0.066617
0.066526
0.066434
0.066343
0.066252
0.066162
0.066071
0.065981
0.065891
0.065801
0.065711
0.065621
0.065532
0.065443
0.065354
0.065265
0.065177
0.065088
0.065000
0.064912
0.064824
0.064737
0.064649
0.064562
0.064475
0.064388
0.064301
0.064215
0.064129
0.064043
0.063957
0.063871
0.063785
0.063700
0.063615
0.063530
0.063445
0.063360
0.063276
0.063191
0.063107
0.063023
0.062940
0.062856
0.062773
0.062689
0.062606
0.062523
0.062441
0.062358
0.062276
0.062194
0.062112
0.062030
0.061948
0.061867
0.061785
0.061704
0.061623
0.061543
0.061462
0.061382
0.061301
0.061221
0.061141
0.061061
0.060982
0.060902
0.060823
0.060744
0.060665
0.060586
0.060508
0.060429
0.060351
0.060273
0.060195
0.060117
0.060039
0.059962
0.059884
0.059807
0.059730
0.059653
0.059577
0.059500
0.059424
0.059348
0.059272
0.059196
0.059120
0.059044
0.058969
0.058894
0.058819
0.058744
0.058669
0.058594
0.058520
0.058445
0.058371
0.058297
0.058223
0.058150
0.058076
0.058003
0.057929
0.057856
0.057783
0.057710
0.057638
0.057565
0.057493
0.057420
0.057348
0.057276
0.057205
0.057133
0.057061
0.056990
0.056919
0.056848
0.056777
0.056706
0.056635
0.056565
0.056494
0.056424
0.056354
0.056284
0.056214
0.056145
0.056075
0.056006
0.055936
0.055867
0.055798
0.055730
0.055661
0.055592
0.055524
0.055456
0.055387
0.055319
0.055252
0.055184
0.055116
0.055049
0.054981
0.054914
0.054847
0.054780
0.054713
0.054647
0.054580
0.054514
0.054447
0.054381
0.054315
0.054249
0.054184
0.054118
0.054053
0.053987
0.053922
0.053857
0.053792
0.053727
0.053662
0.053598
0.053533
0.053469
0.053405
0.053340
0.053276
0.053213
0.053149
0.053085
0.053022
0.052959
0.052895
0.052832
0.052769
0.052706
0.052644
0.052581
0.052518
0.052456
0.052394
0.052332
0.052270
0.052208
0.052146
0.052084
0.052023
0.051961
0.051900
0.051839
0.051778
0.051717
0.051656
0.051595
0.051535
0.051474
0.051414
0.051354
0.051294
0.051233
0.051174
0.051114
0.051054
0.050995
0.050935
0.050876
0.050817
0.050758
0.050699
0.050640
0.050581
0.050522
0.050464
0.050405
0.050347
0.050289
0.050231
0.050173
0.050115
0.050057
0.049999
0.049942
0.049884
0.049827
0.049770
0.049713
0.049656
0.049599
0.049542
0.049485
0.049429
0.049372
0.049316
0.049259
0.049203
0.049147
0.049091
0.049035
0.048980
0.048924
0.048868
0.048813
0.048758
0.048702
0.048647
0.048592
0.048537
0.048483
0.048428
0.048373
0.048319
0.048264
0.048210
0.048156
0.048102
0.048048
0.047994
0.047940
0.047886
0.047833
0.047779
0.047726
0.047672
0.047619
0.047566
0.047513
0.047460
0.047407
0.047355
0.047302
0.047249
0.047197
0.047145
0.047092
0.047040
0.046988
0.046936
0.046884
0.046832
0.046781
0.046729
0.046678
0.046626
0.046575
0.046524
0.046473
0.046422
0.046371
0.046320
0.046269
0.046218
0.046168
0.046117
0.046067
0.046017
0.045966
0.045916
0.045866
0.045816
0.045766
0.045717
0.045667
0.045617
0.045568
0.045519
0.045469
0.045420
0.045371
0.045322
0.045273
0.045224
0.045175
0.045127
0.045078
0.045029
0.044981
0.044933
0.044884
0.044836
0.044788
0.044740
0.044692
0.044644
0.044597
0.044549
0.044501
0.044454
0.044406
0.044359
0.044312
0.044265
0.044218
0.044171
0.044124
0.044077
0.044030
0.043983
0.043937
0.043890
0.043844
0.043797
0.043751
0.043705
0.043659
0.043613
0.043567
0.043521
0.043475
0.043430
0.043384
0.043338
0.043293
0.043248
0.043202
0.043157
0.043112
0.043067
0.043022
0.042977
0.042932
0.042888
0.042843
0.042798
0.042754
0.042709
0.042665
0.042621
0.042576
0.042532
0.042488
0.042444
0.042400
0.042356
0.042313
0.042269
0.042225
0.042182
0.042138
0.042095
0.042052
0.042008
0.041965
0.041922
0.041879
0.041836
0.041793
0.041751
0.041708
0.041665
0.041623
0.041580
0.041538
0.041495
0.041453
0.041411
0.041369
0.041327
0.041285
0.041243
0.041201
0.041159
0.041117
0.041076
0.041034
0.040993
0.040951
0.040910
0.040869
0.040827
0.040786
0.040745
0.040704
0.040663
0.040622
0.040582
0.040541
0.040500
0.040460
0.040419
0.040379
0.040338
0.040298
0.040258
0.040217
0.040177
0.040137
0.040097
0.040057
0.040017
0.039978
0.039938
0.039898
0.039859
0.039819
0.039780
0.039740
0.039701
0.039662
0.039622
0.039583
0.039544
0.039505
0.039466
0.039427
0.039389
0.039350
0.039311
0.039273
0.039234
0.039195
0.039157
0.039119
0.039080
0.039042
0.039004
0.038966
0.038928
0.038890
0.038852
0.038814
0.038776
0.038738
0.038701
0.038663
0.038625
0.038588
0.038551
0.038513
0.038476
0.038439
0.038401
0.038364
0.038327
0.038290
0.038253
0.038216
0.038179
0.038143
0.038106
0.038069
0.038033
0.037996
0.037960
0.037923
0.037887
0.037851
0.037814
0.037778
0.037742
0.037706
0.037670
0.037634
0.037598
0.037562
0.037527
0.037491
0.037455
0.037420
0.037384
0.037349
0.037313
0.037278
0.037242
0.037207
0.037172
0.037137
0.037102
0.037067
0.037032
0.036997
0.036962
0.036927
0.036892
0.036858
0.036823
0.036788
0.036754
0.036719
0.036685
0.036650
0.036616
0.036582
0.036548
0.036513
0.036479
0.036445
0.036411
0.036377
0.036344
0.036310
0.036276
0.036242
0.036208
0.036175
0.036141
0.036108
0.036074
0.036041
0.036008
0.035974
0.035941
0.035908
0.035875
0.035841
0.035808
0.035775
0.035742
0.035710
0.035677
0.035644
0.035611
0.035579
0.035546
0.035513
0.035481
0.035448
0.035416
0.035383
0.035351
0.035319
0.035287
0.035254
0.035222
0.035190
0.035158
0.035126
0.035094
0.035062
0.035030
0.034999
0.034967
0.034935
0.034904
0.034872
0.034840
0.034809
0.034777
0.034746
0.034715
0.034683
0.034652
0.034621
0.034590
0.034559
0.034528
0.034497
0.034466
0.034435
0.034404
0.034373
0.034342
0.034311
0.034281
0.034250
0.034219
0.034189
0.034158
0.034128
0.034098
0.034067
0.034037
0.034007
0.033976
0.033946
0.033916
0.033886
0.033856
0.033826
0.033796
0.033766
0.033736
0.033706
0.033676
0.033647
0.033617
0.033587
0.033558
0.033528
0.033499
0.033469
0.033440
0.033410
0.033381
0.033352
0.033323
0.033293
0.033264
0.033235
0.033206
0.033177
0.033148
0.033119
0.033090
0.033061
0.033033
0.033004
0.032975
0.032946
0.032918
0.032889
0.032861
0.032832
0.032804
0.032775
0.032747
0.032718
0.032690
0.032662
0.032634
0.032606
0.032577
0.032549
0.032521
0.032493
0.032465
0.032437
0.032409
0.032382
0.032354
0.032326
0.032298
0.032271
0.032243
0.032215
0.032188
0.032160
0.032133
0.032105
0.032078
0.032051
0.032023
0.031996
0.031969
0.031941
0.031914
0.031887
0.031860
0.031833
0.031806
0.031779
0.031752
0.031725
0.031698
0.031672
0.031645
0.031618
0.031591
0.031565
0.031538
0.031512
0.031485
0.031458
0.031432
0.031406
0.031379
0.031353
0.031327
0.031300
0.031274
0.031248
0.031222
0.031196
0.031169
0.031143
0.031117
0.031091
0.031066
0.031040
0.031014
0.030988
0.030962
0.030936
0.030911
0.030885
0.030859
0.030834
0.030808
0.030783
0.030757
0.030732
0.030706
0.030681
0.030656
0.030630
0.030605
0.030580
0.030554
0.030529
0.030504
0.030479
0.030454
0.030429
0.030404
0.030379
0.030354
0.030329
0.030304
0.030280
0.030255
0.030230
0.030205
0.030181
0.030156
0.030131
0.030107
0.030082
0.030058
0.030033
0.030009
0.029984
0.029960
0.029936
0.029911
0.029887
0.029863
0.029839
0.029815
0.029790
0.029766
0.029742
0.029718
0.029694
0.029670
0.029646
0.029622
0.029599
0.029575
0.029551
0.029527
0.029504
0.029480
0.029456
0.029432
0.029409
0.029385
0.029362
0.029338
0.029315
0.029291
0.029268
0.029245
0.029221
0.029198
0.029175
0.029151
0.029128
0.029105
0.029082
0.029059
0.029036
0.029013
0.028990
0.028967
0.028944
0.028921
0.028898
0.028875
0.028852
0.028829
0.028807
0.028784
0.028761
0.028738
0.028716
0.028693
0.028671
0.028648
0.028626
0.028603
0.028581
0.028558
0.028536
0.028513
0.028491
0.028469
0.028446
0.028424
0.028402
0.028380
0.028358
0.028335
0.028313
0.028291
0.028269
0.028247
0.028225
0.028203
0.028181
0.028159
0.028138
0.028116
0.028094
0.028072
0.028050
0.028029
0.028007
0.027985
0.027964
0.027942
0.027921
0.027899
0.027878
0.027856
0.027835
0.027813
0.027792
0.027770
0.027749
0.027728
0.027706
0.027685
0.027664
0.027643
0.027622
0.027600
0.027579
0.027558
0.027537
0.027516
0.027495
0.027474
0.027453
0.027432
0.027411
0.027391
0.027370
0.027349
0.027328
0.027307
0.027287
0.027266
0.027245
0.027225
0.027204
0.027183
0.027163
0.027142
0.027122
0.027101
0.027081
0.027060
0.027040
0.027020
0.026999
0.026979
0.026959
0.026938
0.026918
0.026898
0.026878
0.026858
0.026837
0.026817
0.026797
0.026777
0.026757
0.026737
0.026717
0.026697
0.026677
0.026657
0.026637
0.026618
0.026598
0.026578
0.026558
0.026538
0.026519
0.026499
0.026479
0.026460
0.026440
0.026420
0.026401
0.026381
0.026362
0.026342
0.026323
0.026303
0.026284
0.026265
0.026245
0.026226
0.026207
0.026187
0.026168
0.026149
0.026130
0.026110
0.026091
0.026072
0.026053
0.026034
0.026015
0.025996
0.025977
0.025958
0.025939
0.025920
0.025901
0.025882
0.025863
0.025844
0.025825
0.025806
0.025788
0.025769
0.025750
0.025731
0.025713
0.025694
0.025675
0.025657
0.025638
0.025620
0.025601
0.025583
0.025564
0.025546
0.025527
0.025509
0.025490
0.025472
0.025454
0.025435
0.025417
0.025399
0.025380
0.025362
0.025344
0.025326
0.025307
0.025289
0.025271
0.025253
0.025235
0.025217
0.025199
0.025181
0.025163
0.025145
0.025127
0.025109
0.025091
0.025073
0.025055
0.025038
0.025020
0.025002
0.024984
0.024966
0.024949
0.024931
0.024913
0.024896
0.024878
0.024860
0.024843
0.024825
0.024808
0.024790
0.024773
0.024755
0.024738
0.024720
0.024703
0.024685
0.024668
0.024651
0.024633
0.024616
0.024599
0.024581
0.024564
0.024547
0.024530
0.024512
0.024495
0.024478
0.024461
0.024444
0.024427
0.024410
0.024393
0.024376
0.024359
0.024342
0.024325
0.024308
0.024291
0.024274
0.024257
0.024240
0.024223
0.024207
0.024190
0.024173
0.024156
0.024140
0.024123
0.024106
0.024089
0.024073
0.024056
0.024040
0.024023
0.024006
0.023990
0.023973
0.023957
0.023940
0.023924
0.023907
0.023891
0.023875
0.023858
0.023842
0.023825
0.023809
0.023793
0.023776
0.023760
0.023744
0.023728
0.023711
0.023695
0.023679
0.023663
0.023647
0.023631
0.023615
0.023599
0.023582
0.023566
0.023550
0.023534
0.023518
0.023502
0.023486
0.023471
0.023455
0.023439
0.023423
0.023407
0.023391
0.023375
0.023360
0.023344
0.023328
0.023312
0.023297
0.023281
0.023265
0.023250
0.023234
0.023218
0.023203
0.023187
0.023172
0.023156
0.023140
0.023125
0.023109
0.023094
0.023078
0.023063
0.023048
0.023032
0.023017
0.023001
0.022986
0.022971
0.022955
0.022940
0.022925
0.022910
0.022894
0.022879
0.022864
0.022849
0.022834
0.022818
0.022803
0.022788
0.022773
0.022758
0.022743
0.022728
0.022713
0.022698
0.022683
0.022668
0.022653
0.022638
0.022623
0.022608
0.022593
0.022578
0.022563
0.022549
0.022534
0.022519
0.022504
0.022489
0.022475
0.022460
0.022445
0.022430
0.022416
0.022401
0.022386
0.022372
0.022357
0.022343
0.022328
0.022313
0.022299
0.022284
0.022270
0.022255
0.022241
0.022226
0.022212
0.022197
0.022183
0.022169
0.022154
0.022140
0.022126
0.022111
0.022097
0.022083
0.022068
0.022054
0.022040
0.022026
0.022011
0.021997
0.021983
0.021969
0.021955
0.021940
0.021926
0.021912
0.021898
0.021884
0.021870
0.021856
0.021842
0.021828
0.021814
0.021800
0.021786
0.021772
0.021758
0.021744
0.021730
0.021716
0.021702
0.021689
0.021675
0.021661
0.021647
0.021633
0.021620
0.021606
0.021592
0.021578
0.021565
0.021551
0.021537
0.021524
0.021510
0.021496
0.021483
0.021469
0.021455
0.021442
0.021428
0.021415
0.021401
0.021388
0.021374
0.021361
0.021347
0.021334
0.021320
0.021307
0.021294
0.021280
0.021267
0.021253
0.021240
0.021227
0.021213
0.021200
0.021187
0.021174
0.021160
0.021147
0.021134
0.021121
0.021107
0.021094
0.021081
0.021068
0.021055
0.021042
0.021028
0.021015
0.021002
0.020989
0.020976
0.020963
0.020950
0.020937
0.020924
0.020911
0.020898
0.020885
0.020872
0.020859
0.020846
0.020833
0.020821
0.020808
0.020795
0.020782
0.020769
0.020756
0.020744
0.020731
0.020718
0.020705
0.020692
0.020680
0.020667
0.020654
0.020642
0.020629
0.020616
0.020604
0.020591
0.020578
0.020566
0.020553
0.020541
0.020528
0.020515
0.020503
0.020490
0.020478
0.020465
0.020453
0.020440
0.020428
0.020416
0.020403
0.020391
0.020378
0.020366
0.020353
0.020341
0.020329
0.020316
0.020304
0.020292
0.020280
0.020267
0.020255
0.020243
0.020230
0.020218
0.020206
0.020194
0.020182
0.020169
0.020157
0.020145
0.020133
0.020121
0.020109
0.020097
0.020085
0.020072
0.020060
0.020048
0.020036
0.020024
0.020012
0.020000
0.019988
0.019976
0.019964
0.019952
0.019941
0.019929
0.019917
0.019905
0.019893
0.019881
0.019869
0.019857
0.019845
0.019834
0.019822
0.019810
0.019798
0.019787
0.019775
0.019763
0.019751
0.019740
0.019728
0.019716
0.019704
0.019693
0.019681
0.019669
0.019658
0.019646
0.019635
0.019623
0.019611
0.019600
0.019588
0.019577
0.019565
0.019554
0.019542
0.019531
0.019519
0.019508
0.019496
0.019485
0.019473
0.019462
0.019451
0.019439
0.019428
0.019416
0.019405
0.019394
0.019382
0.019371
0.019360
0.019348
0.019337
0.019326
0.019314
0.019303
0.019292
0.019281
0.019269
0.019258
0.019247
0.019236
0.019225
0.019214
0.019202
0.019191
0.019180
0.019169
0.019158
0.019147
0.019136
0.019125
0.019114
0.019102
0.019091
0.019080
0.019069
0.019058
0.019047
0.019036
0.019025
0.019014
0.019004
0.018993
0.018982
0.018971
0.018960
0.018949
0.018938
0.018927
0.018916
0.018905
0.018895
0.018884
0.018873
0.018862
0.018851
0.018841
0.018830
0.018819
0.018808
0.018798
0.018787
0.018776
0.018765
0.018755
0.018744
0.018733
0.018723
0.018712
0.018701
0.018691
0.018680
0.018670
0.018659
0.018648
0.018638
0.018627
0.018617
0.018606
0.018596
0.018585
0.018575
0.018564
0.018554
0.018543
0.018533
0.018522
0.018512
0.018501
0.018491
0.018480
0.018470
0.018460
0.018449
0.018439
0.018428
0.018418
0.018408
0.018397
0.018387
0.018377
0.018366
0.018356
0.018346
0.018336
0.018325
0.018315
0.018305
0.018295
0.018284
0.018274
0.018264
0.018254
0.018244
0.018234
0.018223
0.018213
0.018203
0.018193
0.018183
0.018173
0.018163
0.018153
0.018142
0.018132
0.018122
0.018112
0.018102
0.018092
0.018082
0.018072
0.018062
0.018052
0.018042
0.018032
0.018022
0.018012
0.018002
0.017992
0.017983
0.017973
0.017963
0.017953
0.017943
0.017933
0.017923
0.017913
0.017904
0.017894
0.017884
0.017874
0.017864
0.017854
0.017845
0.017835
0.017825
0.017815
0.017806
0.017796
0.017786
0.017776
0.017767
0.017757
0.017747
0.017738
0.017728
0.017718
0.017709
0.017699
0.017689
0.017680
0.017670
0.017661
0.017651
0.017641
0.017632
0.017622
0.017613
0.017603
0.017594
0.017584
0.017575
0.017565
0.017556
0.017546
0.017537
0.017527
0.017518
0.017508
0.017499
0.017489
0.017480
0.017470
0.017461
0.017452
0.017442
0.017433
0.017423
0.017414
0.017405
0.017395
0.017386
0.017377
0.017367
0.017358
0.017349
0.017340
0.017330
0.017321
0.017312
0.017302
0.017293
0.017284
0.017275
0.017266
0.017256
0.017247
0.017238
0.017229
0.017220
0.017210
0.017201
0.017192
0.017183
0.017174
0.017165
0.017156
0.017146
0.017137
0.017128
0.017119
0.017110
0.017101
0.017092
0.017083
0.017074
0.017065
0.017056
0.017047
0.017038
0.017029
0.017020
0.017011
0.017002
0.016993
0.016984
0.016975
0.016966
0.016957
0.016948
0.016939
0.016930
0.016922
0.016913
0.016904
0.016895
0.016886
0.016877
0.016868
0.016860
0.016851
0.016842
0.016833
0.016824
0.016816
0.016807
0.016798
0.016789
0.016780
0.016772
0.016763
0.016754
0.016746
0.016737
0.016728
0.016719
0.016711
0.016702
0.016693
0.016685
0.016676
0.016667
0.016659
0.016650
0.016641
0.016633
0.016624
0.016616
0.016607
0.016598
0.016590
0.016581
0.016573
0.016564
0.016556
0.016547
0.016539
0.016530
0.016521
0.016513
0.016504
0.016496
0.016487
0.016479
0.016471
0.016462
0.016454
0.016445
0.016437
0.016428
0.016420
0.016411
0.016403
0.016395
0.016386
0.016378
0.016370
0.016361
0.016353
0.016344
0.016336
0.016328
0.016319
0.016311
0.016303
0.016295
0.016286
0.016278
0.016270
0.016261
0.016253
0.016245
0.016237
0.016228
0.016220
0.016212
0.016204
0.016195
0.016187
0.016179
0.016171
0.016163
0.016154
0.016146
0.016138
0.016130
0.016122
0.016114
0.016106
0.016097
0.016089
0.016081
0.016073
0.016065
0.016057
0.016049
0.016041
0.016033
0.016025
0.016017
0.016009
0.016000
0.015992
0.015984
0.015976
0.015968
0.015960
0.015952
0.015944
0.015936
0.015928
0.015921
0.015913
0.015905
0.015897
0.015889
0.015881
0.015873
0.015865
0.015857
0.015849
0.015841
0.015833
0.015825
0.015818
0.015810
0.015802
0.015794
0.015786
0.015778
0.015771
0.015763
0.015755
0.015747
0.015739
0.015731
0.015724
0.015716
0.015708
0.015700
0.015693
0.015685
0.015677
0.015669
0.015662
0.015654
0.015646
0.015638
0.015631
0.015623
0.015615
0.015608
0.015600
0.015592
0.015585
0.015577
0.015569
0.015562
0.015554
0.015546
0.015539
0.015531
0.015524
0.015516
0.015508
0.015501
0.015493
0.015486
0.015478
0.015471
0.015463
0.015455
0.015448
0.015440
0.015433
0.015425
0.015418
0.015410
0.015403
0.015395
0.015388
0.015380
0.015373
0.015365
0.015358
0.015350
0.015343
0.015336
0.015328
0.015321
0.015313
0.015306
0.015298
0.015291
0.015284
0.015276
0.015269
0.015262
0.015254
0.015247
0.015239
0.015232
0.015225
0.015217
0.015210
0.015203
0.015195
0.015188
0.015181
0.015173
0.015166
0.015159
0.015152
0.015144
0.015137
0.015130
0.015123
0.015115
0.015108
0.015101
0.015094
0.015086
0.015079
0.015072
0.015065
0.015058
0.015050
0.015043
0.015036
0.015029
0.015022
0.015014
0.015007
0.015000
0.014993
0.014986
0.014979
0.014972
0.014964
0.014957
0.014950
0.014943
0.014936
0.014929
0.014922
0.014915
0.014908
0.014901
0.014894
0.014887
0.014880
0.014872
0.014865
0.014858
0.014851
0.014844
0.014837
0.014830
0.014823
0.014816
0.014809
0.014802
0.014795
0.014788
0.014782
0.014775
0.014768
0.014761
0.014754
0.014747
0.014740
0.014733
0.014726
0.014719
0.014712
0.014705
0.014698
0.014692
0.014685
0.014678
0.014671
0.014664
0.014657
0.014650
0.014644
0.014637
0.014630
0.014623
0.014616
0.014609
0.014603
0.014596
0.014589
0.014582
0.014575
0.014569
0.014562
0.014555
0.014548
0.014542
0.014535
0.014528
0.014521
0.014515
0.014508
0.014501
0.014494
0.014488
0.014481
0.014474
0.014468
0.014461
0.014454
0.014448
0.014441
0.014434
0.014428
0.014421
0.014414
0.014408
0.014401
0.014394
0.014388
0.014381
0.014374
0.014368
0.014361
0.014355
0.014348
0.014341
0.014335
0.014328
0.014322
0.014315
0.014309
0.014302
0.014295
0.014289
0.014282
0.014276
0.014269
0.014263
0.014256
0.014250
0.014243
0.014237
0.014230
0.014224
0.014217
0.014211
0.014204
0.014198
0.014191
0.014185
0.014178
0.014172
0.014166
0.014159
0.014153
0.014146
0.014140
0.014133
0.014127
0.014121
0.014114
0.014108
0.014101
0.014095
0.014089
0.014082
0.014076
0.014070
0.014063
0.014057
0.014051
0.014044
0.014038
0.014031
0.014025
0.014019
0.014013
0.014006
0.014000
0.013994
0.013987
0.013981
0.013975
0.013968
0.013962
0.013956
0.013950
0.013943
0.013937
0.013931
0.013925
0.013918
0.013912
0.013906
0.013900
0.013893
0.013887
0.013881
0.013875
0.013869
0.013862
0.013856
0.013850
0.013844
0.013838
0.013832
0.013825
0.013819
0.013813
0.013807
0.013801
0.013795
0.013789
0.013782
0.013776
0.013770
0.013764
0.013758
0.013752
0.013746
0.013740
0.013734
0.013727
0.013721
0.013715
0.013709
0.013703
0.013697
0.013691
0.013685
0.013679
0.013673
0.013667
0.013661
0.013655
0.013649
0.013643
0.013637
0.013631
0.013625
0.013619
0.013613
0.013607
0.013601
0.013595
0.013589
0.013583
0.013577
0.013571
0.013565
0.013559
0.013553
0.013547
0.013541
0.013535
0.013529
0.013523
0.013518
0.013512
0.013506
0.013500
0.013494
0.013488
0.013482
0.013476
0.013470
0.013465
0.013459
0.013453
0.013447
0.013441
0.013435
0.013429
0.013424
0.013418
0.013412
0.013406
0.013400
0.013394
0.013389
0.013383
0.013377
0.013371
0.013365
0.013360
0.013354
0.013348
0.013342
0.013336
0.013331
0.013325
0.013319
0.013313
0.013308
0.013302
0.013296
0.013290
0.013285
0.013279
0.013273
0.013268
0.013262
0.013256
0.013250
0.013245
0.013239
0.013233
0.013228
0.013222
0.013216
0.013211
0.013205
0.013199
0.013194
0.013188
0.013182
0.013177
0.013171
0.013165
0.013160
0.013154
0.013149
0.013143
0.013137
0.013132
0.013126
0.013121
0.013115
0.013109
0.013104
0.013098
0.013093
0.013087
0.013081
0.013076
0.013070
0.013065
0.013059
0.013054
0.013048
0.013043
0.013037
0.013031
0.013026
0.013020
0.013015
0.013009
0.013004
0.012998
0.012993
0.012987
0.012982
0.012976
0.012971
0.012965
0.012960
0.012954
0.012949
0.012944
0.012938
0.012933
0.012927
0.012922
0.012916
0.012911
0.012905
0.012900
0.012895
0.012889
0.012884
0.012878
0.012873
0.012867
0.012862
0.012857
0.012851
0.012846
0.012841
0.012835
0.012830
0.012824
0.012819
0.012814
0.012808
0.012803
0.012798
0.012792
0.012787
0.012782
0.012776
0.012771
0.012766
0.012760
0.012755
0.012750
0.012744
0.012739
0.012734
0.012728
0.012723
0.012718
0.012713
0.012707
0.012702
0.012697
0.012691
0.012686
0.012681
0.012676
0.012670
0.012665
0.012660
0.012655
0.012649
0.012644
0.012639
0.012634
0.012628
0.012623
0.012618
0.012613
0.012608
0.012602
0.012597
0.012592
0.012587
0.012582
0.012576
0.012571
0.012566
0.012561
0.012556
0.012551
0.012545
0.012540
0.012535
0.012530
0.012525
0.012520
0.012515
0.012509
0.012504
0.012499
0.012494
0.012489
0.012484
0.012479
0.012474
0.012468
0.012463
0.012458
0.012453
0.012448
0.012443
0.012438
0.012433
0.012428
0.012423
0.012418
0.012413
0.012408
0.012402
0.012397
0.012392
0.012387
0.012382
0.012377
0.012372
0.012367
0.012362
0.012357
0.012352
0.012347
0.012342
0.012337
0.012332
0.012327
0.012322
0.012317
0.012312
0.012307
0.012302
0.012297
0.012292
0.012287
0.012282
0.012277
0.012272
0.012267
0.012263
0.012258
0.012253
0.012248
0.012243
0.012238
0.012233
0.012228
0.012223
0.012218
0.012213
0.012208
0.012203
0.012199
0.012194
0.012189
0.012184
0.012179
0.012174
0.012169
0.012164
0.012159
0.012155
0.012150
0.012145
0.012140
0.012135
0.012130
0.012125
0.012121
0.012116
0.012111
0.012106
0.012101
0.012096
0.012092
0.012087
0.012082
0.012077
0.012072
0.012068
0.012063
0.012058
0.012053
0.012048
0.012044
0.012039
0.012034
0.012029
0.012024
0.012020
0.012015
0.012010
0.012005
0.012001
0.011996
0.011991
0.011986
0.011982
0.011977
0.011972
0.011967
0.011963
0.011958
0.011953
0.011949
0.011944
0.011939
0.011934
0.011930
0.011925
0.011920
0.011916
0.011911
0.011906
0.011902
0.011897
0.011892
0.011888
0.011883
0.011878
0.011874
0.011869
0.011864
0.011860
0.011855
0.011850
0.011846
0.011841
0.011836
0.011832
0.011827
0.011822
0.011818
0.011813
0.011809
0.011804
0.011799
0.011795
0.011790
0.011786
0.011781
0.011776
0.011772
0.011767
0.011763
0.011758
0.011753
0.011749
0.011744
0.011740
0.011735
0.011731
0.011726
0.011721
0.011717
0.011712
0.011708
0.011703
0.011699
0.011694
0.011690
0.011685
0.011681
0.011676
0.011672
0.011667
0.011663
0.011658
0.011654
0.011649
0.011645
0.011640
0.011636
0.011631
0.011627
0.011622
0.011618
0.011613
0.011609
0.011604
0.011600
0.011595
0.011591
0.011586
0.011582
0.011577
0.011573
0.011569
0.011564
0.011560
0.011555
0.011551
0.011546
0.011542
0.011538
0.011533
0.011529
0.011524
0.011520
0.011515
0.011511
0.011507
0.011502
0.011498
0.011493
0.011489
0.011485
0.011480
0.011476
0.011472
0.011467
0.011463
0.011458
0.011454
0.011450
0.011445
0.011441
0.011437
0.011432
0.011428
0.011424
0.011419
0.011415
0.011411
0.011406
0.011402
0.011398
0.011393
0.011389
0.011385
0.011380
0.011376
0.011372
0.011367
0.011363
0.011359
0.011354
0.011350
0.011346
0.011342
0.011337
0.011333
0.011329
0.011325
0.011320
0.011316
0.011312
0.011307
0.011303
0.011299
0.011295
0.011290
0.011286
0.011282
0.011278
0.011273
0.011269
0.011265
0.011261
0.011257
0.011252
0.011248
0.011244
0.011240
0.011235
0.011231
0.011227
0.011223
0.011219
0.011214
0.011210
0.011206
0.011202
0.011198
0.011193
0.011189
0.011185
0.011181
0.011177
0.011173
0.011168
0.011164
0.011160
0.011156
0.011152
0.011148
0.011143
0.011139
0.011135
0.011131
0.011127
0.011123
0.011119
0.011114
0.011110
0.011106
0.011102
0.011098
0.011094
0.011090
0.011086
0.011082
0.011077
0.011073
0.011069
0.011065
0.011061
0.011057
0.011053
0.011049
0.011045
0.011041
0.011037
0.011032
0.011028
0.011024
0.011020
0.011016
0.011012
0.011008
0.011004
0.011000
0.010996
0.010992
0.010988
0.010984
0.010980
0.010976
0.010972
0.010968
0.010964
0.010960
0.010956
0.010952
0.010948
0.010944
0.010940
0.010936
0.010932
0.010928
0.010924
0.010920
0.010916
0.010912
0.010908
0.010904
0.010900
0.010896
0.010892
0.010888
0.010884
0.010880
0.010876
0.010872
0.010868
0.010864
0.010860
0.010856
0.010852
0.010848
0.010844
0.010840
0.010836
0.010832
0.010828
0.010824
0.010821
0.010817
0.010813
0.010809
0.010805
0.010801
0.010797
0.010793
0.010789
0.010785
0.010781
0.010777
0.010774
0.010770
0.010766
0.010762
0.010758
0.010754
0.010750
0.010746
0.010742
0.010739
0.010735
0.010731
0.010727
0.010723
0.010719
0.010715
0.010712
0.010708
0.010704
0.010700
0.010696
0.010692
0.010688
0.010685
0.010681
0.010677
0.010673
0.010669
0.010665
0.010662
0.010658
0.010654
0.010650
0.010646
0.010643
0.010639
0.010635
0.010631
0.010627
0.010624
0.010620
0.010616
0.010612
0.010608
0.010605
0.010601
0.010597
0.010593
0.010589
0.010586
0.010582
0.010578
0.010574
0.010571
0.010567
0.010563
0.010559
0.010556
0.010552
0.010548
0.010544
0.010541
0.010537
0.010533
0.010529
0.010526
0.010522
0.010518
0.010514
0.010511
0.010507
0.010503
0.010500
0.010496
0.010492
0.010488
0.010485
0.010481
0.010477
0.010474
0.010470
0.010466
0.010463
0.010459
0.010455
0.010451
0.010448
0.010444
0.010440
0.010437
0.010433
0.010429
0.010426
0.010422
0.010418
0.010415
0.010411
0.010407
0.010404
0.010400
0.010396
0.010393
0.010389
0.010386
0.010382
0.010378
0.010375
0.010371
0.010367
0.010364
0.010360
0.010356
0.010353
0.010349
0.010346
0.010342
0.010338
0.010335
0.010331
0.010328
0.010324
0.010320
0.010317
0.010313
0.010310
0.010306
0.010302
0.010299
0.010295
0.010292
0.010288
0.010284
0.010281
0.010277
0.010274
0.010270
0.010267
0.010263
0.010259
0.010256
0.010252
0.010249
0.010245
0.010242
0.010238
0.010235
0.010231
0.010228
0.010224
0.010220
0.010217
0.010213
0.010210
0.010206
0.010203
0.010199
0.010196
0.010192
0.010189
0.010185
0.010182
0.010178
0.010175
0.010171
0.010168
0.010164
0.010161
0.010157
0.010154
0.010150
0.010147
0.010143
0.010140
0.010136
0.010133
0.010129
0.010126
0.010122
0.010119
0.010115
0.010112
0.010108
0.010105
0.010102
0.010098
0.010095
0.010091
0.010088
0.010084
0.010081
0.010077
0.010074
0.010071
0.010067
0.010064
0.010060
0.010057
0.010053
0.010050
0.010046
0.010043
0.010040
0.010036
0.010033
0.010029
0.010026
0.010023
0.010019
0.010016
0.010012
0.010009
0.010006
0.010002
0.009999
0.009995
0.009992
0.009989
0.009985
0.009982
0.009978
0.009975
0.009972
0.009968
0.009965
0.009962
0.009958
0.009955
0.009951
0.009948
0.009945
0.009941
0.009938
0.009935
0.009931
0.009928
0.009925
0.009921
0.009918
0.009915
0.009911
0.009908
0.009905
0.009901
0.009898
0.009895
0.009891
0.009888
0.009885
0.009881
0.009878
0.009875
0.009871
0.009868
0.009865
0.009861
0.009858
0.009855
0.009851
0.009848
0.009845
0.009842
0.009838
0.009835
0.009832
0.009828
0.009825
0.009822
0.009819
0.009815
0.009812
0.009809
0.009805
0.009802
0.009799
0.009796
0.009792
0.009789
0.009786
0.009783
0.009779
0.009776
0.009773
0.009770
0.009766
0.009763
0.009760
0.009757
0.009753
0.009750
0.009747
0.009744
0.009740
0.009737
0.009734
0.009731
0.009727
0.009724
0.009721
0.009718
0.009715
0.009711
0.009708
0.009705
0.009702
0.009698
0.009695
0.009692
0.009689
0.009686
0.009682
0.009679
0.009676
0.009673
0.009670
0.009667
0.009663
0.009660
0.009657
0.009654
0.009651
0.009647
0.009644
0.009641
0.009638
0.009635
0.009632
0.009628
0.009625
0.009622
0.009619
0.009616
0.009613
0.009609
0.009606
0.009603
0.009600
0.009597
0.009594
0.009591
0.009587
0.009584
0.009581
0.009578
0.009575
0.009572
0.009569
0.009565
0.009562
0.009559
0.009556
0.009553
0.009550
0.009547
0.009544
0.009541
0.009537
0.009534
0.009531
0.009528
0.009525
0.009522
0.009519
0.009516
0.009513
0.009510
0.009506
0.009503
0.009500
0.009497
0.009494
0.009491
0.009488
0.009485
0.009482
0.009479
0.009476
0.009473
0.009469
0.009466
0.009463
0.009460
0.009457
0.009454
0.009451
0.009448
0.009445
0.009442
0.009439
0.009436
0.009433
0.009430
0.009427
0.009424
0.009421
0.009418
0.009415
0.009411
0.009408
0.009405
0.009402
0.009399
0.009396
0.009393
0.009390
0.009387
0.009384
0.009381
0.009378
0.009375
0.009372
0.009369
0.009366
0.009363
0.009360
0.009357
0.009354
0.009351
0.009348
0.009345
0.009342
0.009339
0.009336
0.009333
0.009330
0.009327
0.009324
0.009321
0.009318
0.009315
0.009312
0.009309
0.009306
0.009303
0.009300
0.009298
0.009295
0.009292
0.009289
0.009286
0.009283
0.009280
0.009277
0.009274
0.009271
0.009268
0.009265
0.009262
0.009259
0.009256
0.009253
0.009250
0.009247
0.009244
0.009242
0.009239
0.009236
0.009233
0.009230
0.009227
0.009224
0.009221
0.009218
0.009215
0.009212
0.009209
0.009206
0.009204
0.009201
0.009198
0.009195
0.009192
0.009189
0.009186
0.009183
0.009180
0.009177
0.009175
0.009172
0.009169
0.009166
0.009163
0.009160
0.009157
0.009154
0.009151
0.009149
0.009146
0.009143
0.009140
0.009137
0.009134
0.009131
0.009128
0.009126
0.009123
0.009120
0.009117
0.009114
0.009111
0.009108
0.009106
0.009103
0.009100
0.009097
0.009094
0.009091
0.009088
0.009086
0.009083
0.009080
0.009077
0.009074
0.009071
0.009069
0.009066
0.009063
0.009060
0.009057
0.009055
0.009052
0.009049
0.009046
0.009043
0.009040
0.009038
0.009035
0.009032
0.009029
0.009026
0.009024
0.009021
0.009018
0.009015
0.009012
0.009010
0.009007
0.009004
0.009001
0.008998
0.008996
0.008993
0.008990
0.008987
0.008984
0.008982
0.008979
0.008976
0.008973
0.008971
0.008968
0.008965
0.008962
0.008959
0.008957
0.008954
0.008951
0.008948
0.008946
0.008943
0.008940
0.008937
0.008935
0.008932
0.008929
0.008926
0.008924
0.008921
0.008918
0.008915
0.008913
0.008910
0.008907
0.008904
0.008902
0.008899
0.008896
0.008893
0.008891
0.008888
0.008885
0.008883
0.008880
0.008877
0.008874
0.008872
0.008869
0.008866
0.008864
0.008861
0.008858
0.008855
0.008853
0.008850
0.008847
0.008845
0.008842
0.008839
0.008837
0.008834
0.008831
0.008828
0.008826
0.008823
0.008820
0.008818
0.008815
0.008812
0.008810
0.008807
0.008804
0.008802
0.008799
0.008796
0.008794
0.008791
0.008788
0.008786
0.008783
0.008780
0.008778
0.008775
0.008772
0.008770
0.008767
0.008764
0.008762
0.008759
0.008756
0.008754
0.008751
0.008748
0.008746
0.008743
0.008740
0.008738
0.008735
0.008732
0.008730
0.008727
0.008725
0.008722
0.008719
0.008717
0.008714
0.008711
0.008709
0.008706
0.008704
0.008701
0.008698
0.008696
0.008693
0.008690
0.008688
0.008685
0.008683
0.008680
0.008677
0.008675
0.008672
0.008670
0.008667
0.008664
0.008662
0.008659
0.008657
0.008654
0.008651
0.008649
0.008646
0.008644
0.008641
0.008638
0.008636
0.008633
0.008631
0.008628
0.008626
0.008623
0.008620
0.008618
0.008615
0.008613
0.008610
0.008608
0.008605
0.008602
0.008600
0.008597
0.008595
0.008592
0.008590
0.008587
0.008584
0.008582
0.008579
0.008577
0.008574
0.008572
0.008569
0.008567
0.008564
0.008562
0.008559
0.008556
0.008554
0.008551
0.008549
0.008546
0.008544
0.008541
0.008539
0.008536
0.008534
0.008531
0.008529
0.008526
0.008524
0.008521
0.008518
0.008516
0.008513
0.008511
0.008508
0.008506
0.008503
0.008501
0.008498
0.008496
0.008493
0.008491
0.008488
0.008486
0.008483
0.008481
0.008478
0.008476
0.008473
0.008471
0.008468
0.008466
0.008463
0.008461
0.008458
0.008456
0.008453
0.008451
0.008448
0.008446
0.008444
0.008441
0.008439
0.008436
0.008434
0.008431
0.008429
0.008426
0.008424
0.008421
0.008419
0.008416
0.008414
0.008411
0.008409
0.008407
0.008404
0.008402
0.008399
0.008397
0.008394
0.008392
0.008389
0.008387
0.008384
0.008382
0.008380
0.008377
0.008375
0.008372
0.008370
0.008367
0.008365
0.008362
0.008360
0.008358
0.008355
0.008353
0.008350
0.008348
0.008345
0.008343
0.008341
0.008338
0.008336
0.008333
0.008331
0.008329
0.008326
0.008324
0.008321
0.008319
0.008316
0.008314
0.008312
0.008309
0.008307
0.008304
0.008302
0.008300
0.008297
0.008295
0.008292
0.008290
0.008288
0.008285
0.008283
0.008280
0.008278
0.008276
0.008273
0.008271
0.008269
0.008266
0.008264
0.008261
0.008259
0.008257
0.008254
0.008252
0.008250
0.008247
0.008245
0.008242
0.008240
0.008238
0.008235
0.008233
0.008231
0.008228
0.008226
0.008224
0.008221
0.008219
0.008216
0.008214
0.008212
0.008209
0.008207
0.008205
0.008202
0.008200
0.008198
0.008195
0.008193
0.008191
0.008188
0.008186
0.008184
0.008181
0.008179
0.008177
0.008174
0.008172
0.008170
0.008167
0.008165
0.008163
0.008160
0.008158
0.008156
0.008153
0.008151
0.008149
0.008146
0.008144
0.008142
0.008139
0.008137
0.008135
0.008132
0.008130
0.008128
0.008126
0.008123
0.008121
0.008119
0.008116
0.008114
0.008112
0.008109
0.008107
0.008105
0.008103
0.008100
0.008098
0.008096
0.008093
0.008091
0.008089
0.008087
0.008084
0.008082
0.008080
0.008077
0.008075
0.008073
0.008071
0.008068
0.008066
0.008064
0.008061
0.008059
0.008057
0.008055
0.008052
0.008050
0.008048
0.008046
0.008043
0.008041
0.008039
0.008037
0.008034
0.008032
0.008030
0.008028
0.008025
0.008023
0.008021
0.008018
0.008016
0.008014
0.008012
0.008010
0.008007
0.008005
0.008003
0.008001
0.007998
0.007996
0.007994
0.007992
0.007989
0.007987
0.007985
0.007983
0.007980
0.007978
0.007976
0.007974
0.007972
0.007969
0.007967
0.007965
0.007963
0.007960
0.007958
0.007956
0.007954
0.007952
0.007949
0.007947
0.007945
0.007943
0.007940
0.007938
0.007936
0.007934
0.007932
0.007929
0.007927
0.007925
0.007923
0.007921
0.007918
0.007916
0.007914
0.007912
0.007910
0.007907
0.007905
0.007903
0.007901
0.007899
0.007897
0.007894
0.007892
0.007890
0.007888
0.007886
0.007883
0.007881
0.007879
0.007877
0.007875
0.007873
0.007870
0.007868
0.007866
0.007864
0.007862
0.007860
0.007857
0.007855
0.007853
0.007851
0.007849
0.007847
0.007844
0.007842
0.007840
0.007838
0.007836
0.007834
0.007831
0.007829
0.007827
0.007825
0.007823
0.007821
0.007819
0.007816
0.007814
0.007812
0.007810
0.007808
0.007806
0.007804
0.007801
0.007799
0.007797
0.007795
0.007793
0.007791
0.007789
0.007786
0.007784
0.007782
0.007780
0.007778
0.007776
0.007774
0.007772
0.007769
0.007767
0.007765
0.007763
0.007761
0.007759
0.007757
0.007755
0.007753
0.007750
0.007748
0.007746
0.007744
0.007742
0.007740
0.007738
0.007736
0.007734
0.007731
0.007729
0.007727
0.007725
0.007723
0.007721
0.007719
0.007717
0.007715
0.007713
0.007711
0.007708
0.007706
0.007704
0.007702
0.007700
0.007698
0.007696
0.007694
0.007692
0.007690
0.007688
0.007686
0.007683
0.007681
0.007679
0.007677
0.007675
0.007673
0.007671
0.007669
0.007667
0.007665
0.007663
0.007661
0.007659
0.007657
0.007654
0.007652
0.007650
0.007648
0.007646
0.007644
0.007642
0.007640
0.007638
0.007636
0.007634
0.007632
0.007630
0.007628
0.007626
0.007624
0.007622
0.007620
0.007618
0.007615
0.007613
0.007611
0.007609
0.007607
0.007605
0.007603
0.007601
0.007599
0.007597
0.007595
0.007593
0.007591
0.007589
0.007587
0.007585
0.007583
0.007581
0.007579
0.007577
0.007575
0.007573
0.007571
0.007569
0.007567
0.007565
0.007563
0.007561
0.007559
0.007557
0.007555
0.007553
0.007551
0.007549
0.007547
0.007545
0.007543
0.007541
0.007539
0.007537
0.007535
0.007533
0.007531
0.007529
0.007527
0.007525
0.007523
0.007521
0.007519
0.007517
0.007515
0.007513
0.007511
0.007509
0.007507
0.007505
0.007503
0.007501
0.007499
0.007497
0.007495
0.007493
0.007491
0.007489
0.007487
0.007485
0.007483
0.007481
0.007479
0.007477
0.007475
0.007473
0.007471
0.007469
0.007467
0.007465
0.007463
0.007461
0.007459
0.007457
0.007455
0.007453
0.007451
0.007449
0.007447
0.007445
0.007444
0.007442
0.007440
0.007438
0.007436
0.007434
0.007432
0.007430
0.007428
0.007426
0.007424
0.007422
0.007420
0.007418
0.007416
0.007414
0.007412
0.007410
0.007408
0.007407
0.007405
0.007403
0.007401
0.007399
0.007397
0.007395
0.007393
0.007391
0.007389
0.007387
0.007385
0.007383
0.007381
0.007379
0.007378
0.007376
0.007374
0.007372
0.007370
0.007368
0.007366
0.007364
0.007362
0.007360
0.007358
0.007356
0.007355
0.007353
0.007351
0.007349
0.007347
0.007345
0.007343
0.007341
0.007339
0.007337
0.007335
0.007334
0.007332
0.007330
0.007328
0.007326
0.007324
0.007322
0.007320
0.007318
0.007316
0.007315
0.007313
0.007311
0.007309
0.007307
0.007305
0.007303
0.007301
0.007299
0.007298
0.007296
0.007294
0.007292
0.007290
0.007288
0.007286
0.007284
0.007282
0.007281
0.007279
0.007277
0.007275
0.007273
0.007271
0.007269
0.007268
0.007266
0.007264
0.007262
0.007260
0.007258
0.007256
0.007254
0.007253
0.007251
0.007249
0.007247
0.007245
0.007243
0.007241
0.007240
0.007238
0.007236
0.007234
0.007232
0.007230
0.007228
0.007227
0.007225
0.007223
0.007221
0.007219
0.007217
0.007215
0.007214
0.007212
0.007210
0.007208
0.007206
0.007204
0.007203
0.007201
0.007199
0.007197
0.007195
0.007193
0.007192
0.007190
0.007188
0.007186
0.007184
0.007182
0.007181
0.007179
0.007177
0.007175
0.007173
0.007171
0.007170
0.007168
0.007166
0.007164
0.007162
0.007160
0.007159
0.007157
0.007155
0.007153
0.007151
0.007150
0.007148
0.007146
0.007144
0.007142
0.007141
0.007139
0.007137
0.007135
0.007133
0.007131
0.007130
0.007128
0.007126
0.007124
0.007122
0.007121
0.007119
0.007117
0.007115
0.007113
0.007112
0.007110
0.007108
0.007106
0.007105
0.007103
0.007101
0.007099
0.007097
0.007096
0.007094
0.007092
0.007090
0.007088
0.007087
0.007085
0.007083
0.007081
0.007079
0.007078
0.007076
0.007074
0.007072
0.007071
0.007069
0.007067
0.007065
0.007063
0.007062
0.007060
0.007058
0.007056
0.007055
0.007053
0.007051
0.007049
0.007048
0.007046
0.007044
0.007042
0.007041
0.007039
0.007037
0.007035
0.007033
0.007032
0.007030
0.007028
0.007026
0.007025
0.007023
0.007021
0.007019
0.007018
0.007016
0.007014
0.007012
0.007011
0.007009
0.007007
0.007005
0.007004
0.007002
0.007000
0.006998
0.006997
0.006995
0.006993
0.006991
0.006990
0.006988
0.006986
0.006985
0.006983
0.006981
0.006979
0.006978
0.006976
0.006974
0.006972
0.006971
0.006969
0.006967
0.006965
0.006964
0.006962
0.006960
0.006959
0.006957
0.006955
0.006953
0.006952
0.006950
0.006948
0.006947
0.006945
0.006943
0.006941
0.006940
0.006938
0.006936
0.006935
0.006933
0.006931
0.006929
0.006928
0.006926
0.006924
0.006923
0.006921
0.006919
0.006917
0.006916
0.006914
0.006912
0.006911
0.006909
0.006907
0.006906
0.006904
0.006902
0.006900
0.006899
0.006897
0.006895
0.006894
0.006892
0.006890
0.006889
0.006887
0.006885
0.006883
0.006882
0.006880
0.006878
0.006877
0.006875
0.006873
0.006872
0.006870
0.006868
0.006867
0.006865
0.006863
0.006862
0.006860
0.006858
0.006857
0.006855
0.006853
0.006852
0.006850
0.006848
0.006847
0.006845
0.006843
0.006841
0.006840
0.006838
0.006836
0.006835
0.006833
0.006831
0.006830
0.006828
0.006826
0.006825
0.006823
0.006822
0.006820
0.006818
0.006817
0.006815
0.006813
0.006812
0.006810
0.006808
0.006807
0.006805
0.006803
0.006802
0.006800
0.006798
0.006797
0.006795
0.006793
0.006792
0.006790
0.006788
0.006787
0.006785
0.006784
0.006782
0.006780
0.006779
0.006777
0.006775
0.006774
0.006772
0.006770
0.006769
0.006767
0.006765
0.006764
0.006762
0.006761
0.006759
0.006757
0.006756
0.006754
0.006752
0.006751
0.006749
0.006748
0.006746
0.006744
0.006743
0.006741
0.006739
0.006738
0.006736
0.006735
0.006733
0.006731
0.006730
0.006728
0.006726
0.006725
0.006723
0.006722
0.006720
0.006718
0.006717
0.006715
0.006714
0.006712
0.006710
0.006709
0.006707
0.006705
0.006704
0.006702
0.006701
0.006699
0.006697
0.006696
0.006694
0.006693
0.006691
0.006689
0.006688
0.006686
0.006685
0.006683
0.006681
0.006680
0.006678
0.006677
0.006675
0.006673
0.006672
0.006670
0.006669
0.006667
0.006665
0.006664
0.006662
0.006661
0.006659
0.006658
0.006656
0.006654
0.006653
0.006651
0.006650
0.006648
0.006646
0.006645
0.006643
0.006642
0.006640
0.006639
0.006637
0.006635
0.006634
0.006632
0.006631
0.006629
0.006628
0.006626
0.006624
0.006623
0.006621
0.006620
0.006618
0.006617
0.006615
0.006613
0.006612
0.006610
0.006609
0.006607
0.006606
0.006604
0.006602
0.006601
0.006599
0.006598
0.006596
0.006595
0.006593
0.006592
0.006590
0.006588
0.006587
0.006585
0.006584
0.006582
0.006581
0.006579
0.006578
0.006576
0.006574
0.006573
0.006571
0.006570
0.006568
0.006567
0.006565
0.006564
0.006562
0.006561
0.006559
0.006557
0.006556
0.006554
0.006553
0.006551
0.006550
0.006548
0.006547
0.006545
0.006544
0.006542
0.006541
0.006539
0.006537
0.006536
0.006534
0.006533
0.006531
0.006530
0.006528
0.006527
0.006525
0.006524
0.006522
0.006521
0.006519
0.006518
0.006516
0.006515
0.006513
0.006512
0.006510
0.006508
0.006507
0.006505
0.006504
0.006502
0.006501
0.006499
0.006498
0.006496
0.006495
0.006493
0.006492
0.006490
0.006489
0.006487
0.006486
0.006484
0.006483
0.006481
0.006480
0.006478
0.006477
0.006475
0.006474
0.006472
0.006471
0.006469
0.006468
0.006466
0.006465
0.006463
0.006462
0.006460
0.006459
0.006457
0.006456
0.006454
0.006453
0.006451
0.006450
0.006448
0.006447
0.006445
0.006444
0.006442
0.006441
0.006439
0.006438
0.006436
0.006435
0.006433
0.006432
0.006430
0.006429
0.006427
0.006426
0.006424
0.006423
0.006421
0.006420
0.006418
0.006417
0.006416
0.006414
0.006413
0.006411
0.006410
0.006408
0.006407
0.006405
0.006404
0.006402
0.006401
0.006399
0.006398
0.006396
0.006395
0.006393
0.006392
0.006390
0.006389
0.006388
0.006386
0.006385
0.006383
0.006382
0.006380
0.006379
0.006377
0.006376
0.006374
0.006373
0.006371
0.006370
0.006368
0.006367
0.006366
0.006364
0.006363
0.006361
0.006360
0.006358
0.006357
0.006355
0.006354
0.006352
0.006351
0.006350
0.006348
0.006347
0.006345
0.006344
0.006342
0.006341
0.006339
0.006338
0.006337
0.006335
0.006334
0.006332
0.006331
0.006329
0.006328
0.006326
0.006325
0.006324
0.006322
0.006321
0.006319
0.006318
0.006316
0.006315
0.006313
0.006312
0.006311
0.006309
0.006308
0.006306
0.006305
0.006303
0.006302
0.006301
0.006299
0.006298
0.006296
0.006295
0.006293
0.006292
0.006291
0.006289
0.006288
0.006286
0.006285
0.006283
0.006282
0.006281
0.006279
0.006278
0.006276
0.006275
0.006274
0.006272
0.006271
0.006269
0.006268
0.006266
0.006265
0.006264
0.006262
0.006261
0.006259
0.006258
0.006257
0.006255
0.006254
0.006252
0.006251
0.006250
0.006248
0.006247
0.006245
0.006244
0.006242
0.006241
0.006240
0.006238
0.006237
0.006235
0.006234
0.006233
0.006231
0.006230
0.006228
0.006227
0.006226
0.006224
0.006223
0.006221
0.006220
0.006219
0.006217
0.006216
0.006215
0.006213
0.006212
0.006210
0.006209
0.006208
0.006206
0.006205
0.006203
0.006202
0.006201
0.006199
0.006198
0.006196
0.006195
0.006194
0.006192
0.006191
0.006190
0.006188
0.006187
0.006185
0.006184
0.006183
0.006181
0.006180
0.006178
0.006177
0.006176
0.006174
0.006173
0.006172
0.006170
0.006169
0.006167
0.006166
0.006165
0.006163
0.006162
0.006161
0.006159
0.006158
0.006157
0.006155
0.006154
0.006152
0.006151
0.006150
0.006148
0.006147
0.006146
0.006144
0.006143
0.006141
0.006140
0.006139
0.006137
0.006136
0.006135
0.006133
0.006132
0.006131
0.006129
0.006128
0.006127
0.006125
0.006124
0.006122
0.006121
0.006120
0.006118
0.006117
0.006116
0.006114
0.006113
0.006112
0.006110
0.006109
0.006108
0.006106
0.006105
0.006104
0.006102
0.006101
0.006100
0.006098
0.006097
0.006095
0.006094
0.006093
0.006091
0.006090
0.006089
0.006087
0.006086
0.006085
0.006083
0.006082
0.006081
0.006079
0.006078
0.006077
0.006075
0.006074
0.006073
0.006071
0.006070
0.006069
0.006067
0.006066
0.006065
0.006063
0.006062
0.006061
0.006059
0.006058
0.006057
0.006055
0.006054
0.006053
0.006051
0.006050
0.006049
0.006048
0.006046
0.006045
0.006044
0.006042
0.006041
0.006040
0.006038
0.006037
0.006036
0.006034
0.006033
0.006032
0.006030
0.006029
0.006028
0.006026
0.006025
0.006024
0.006022
0.006021
0.006020
0.006019
0.006017
0.006016
0.006015
0.006013
0.006012
0.006011
0.006009
0.006008
0.006007
0.006005
0.006004
0.006003
0.006002
0.006000
0.005999
0.005998
0.005996
0.005995
0.005994
0.005992
0.005991
0.005990
0.005989
0.005987
0.005986
0.005985
0.005983
0.005982
0.005981
0.005979
0.005978
0.005977
0.005976
0.005974
0.005973
0.005972
0.005970
0.005969
0.005968
0.005967
0.005965
0.005964
0.005963
0.005961
0.005960
0.005959
0.005957
0.005956
0.005955
0.005954
0.005952
0.005951
0.005950
0.005949
0.005947
0.005946
0.005945
0.005943
0.005942
0.005941
0.005940
0.005938
0.005937
0.005936
0.005934
0.005933
0.005932
0.005931
0.005929
0.005928
0.005927
0.005925
0.005924
0.005923
0.005922
0.005920
0.005919
0.005918
0.005917
0.005915
0.005914
0.005913
0.005912
0.005910
0.005909
0.005908
0.005906
0.005905
0.005904
0.005903
0.005901
0.005900
0.005899
0.005898
0.005896
0.005895
0.005894
0.005893
0.005891
0.005890
0.005889
0.005888
0.005886
0.005885
0.005884
0.005883
0.005881
0.005880
0.005879
0.005877
0.005876
0.005875
0.005874
0.005872
0.005871
0.005870
0.005869
0.005867
0.005866
0.005865
0.005864
0.005862
0.005861
0.005860
0.005859
0.005857
0.005856
0.005855
0.005854
0.005853
0.005851
0.005850
0.005849
0.005848
0.005846
0.005845
0.005844
0.005843
0.005841
0.005840
0.005839
0.005838
0.005836
0.005835
0.005834
0.005833
0.005831
0.005830
0.005829
0.005828
0.005827
0.005825
0.005824
0.005823
0.005822
0.005820
0.005819
0.005818
0.005817
0.005815
0.005814
0.005813
0.005812
0.005811
0.005809
0.005808
0.005807
0.005806
0.005804
0.005803
0.005802
0.005801
0.005800
0.005798
0.005797
0.005796
0.005795
0.005793
0.005792
0.005791
0.005790
0.005789
0.005787
0.005786
0.005785
0.005784
0.005782
0.005781
0.005780
0.005779
0.005778
0.005776
0.005775
0.005774
0.005773
0.005772
0.005770
0.005769
0.005768
0.005767
0.005765
0.005764
0.005763
0.005762
0.005761
0.005759
0.005758
0.005757
0.005756
0.005755
0.005753
0.005752
0.005751
0.005750
0.005749
0.005747
0.005746
0.005745
0.005744
0.005743
0.005741
0.005740
0.005739
0.005738
0.005737
0.005735
0.005734
0.005733
0.005732
0.005731
0.005729
0.005728
0.005727
0.005726
0.005725
0.005723
0.005722
0.005721
0.005720
0.005719
0.005717
0.005716
0.005715
0.005714
0.005713
0.005712
0.005710
0.005709
0.005708
0.005707
0.005706
0.005704
0.005703
0.005702
0.005701
0.005700
0.005699
0.005697
0.005696
0.005695
0.005694
0.005693
0.005691
0.005690
0.005689
0.005688
0.005687
0.005686
0.005684
0.005683
0.005682
0.005681
0.005680
0.005678
0.005677
0.005676
0.005675
0.005674
0.005673
0.005671
0.005670
0.005669
0.005668
0.005667
0.005666
0.005664
0.005663
0.005662
0.005661
0.005660
0.005659
0.005657
0.005656
0.005655
0.005654
0.005653
0.005652
0.005650
0.005649
0.005648
0.005647
0.005646
0.005645
0.005643
0.005642
0.005641
0.005640
0.005639
0.005638
0.005636
0.005635
0.005634
0.005633
0.005632
0.005631
0.005630
0.005628
0.005627
0.005626
0.005625
0.005624
0.005623
0.005621
0.005620
0.005619
0.005618
0.005617
0.005616
0.005615
0.005613
0.005612
0.005611
0.005610
0.005609
0.005608
0.005607
0.005605
0.005604
0.005603
0.005602
0.005601
0.005600
0.005599
0.005597
0.005596
0.005595
0.005594
0.005593
0.005592
0.005591
0.005589
0.005588
0.005587
0.005586
0.005585
0.005584
0.005583
0.005581
0.005580
0.005579
0.005578
0.005577
0.005576
0.005575
0.005573
0.005572
0.005571
0.005570
0.005569
0.005568
0.005567
0.005566
0.005564
0.005563
0.005562
0.005561
0.005560
0.005559
0.005558
0.005557
0.005555
0.005554
0.005553
0.005552
0.005551
0.005550
0.005549
0.005547
0.005546
0.005545
0.005544
0.005543
0.005542
0.005541
0.005540
0.005539
0.005537
0.005536
0.005535
0.005534
0.005533
0.005532
0.005531
0.005530
0.005528
0.005527
0.005526
0.005525
0.005524
0.005523
0.005522
0.005521
0.005520
0.005518
0.005517
0.005516
0.005515
0.005514
0.005513
0.005512
0.005511
0.005510
0.005508
0.005507
0.005506
0.005505
0.005504
0.005503
0.005502
0.005501
0.005500
0.005498
0.005497
0.005496
0.005495
0.005494
0.005493
0.005492
0.005491
0.005490
0.005489
0.005487
0.005486
0.005485
0.005484
0.005483
0.005482
0.005481
0.005480
0.005479
0.005478
0.005476
0.005475
0.005474
0.005473
0.005472
0.005471
0.005470
0.005469
0.005468
0.005467
0.005466
0.005464
0.005463
0.005462
0.005461
0.005460
0.005459
0.005458
0.005457
0.005456
0.005455
0.005454
0.005452
0.005451
0.005450
0.005449
0.005448
0.005447
0.005446
0.005445
0.005444
0.005443
0.005442
0.005440
0.005439
0.005438
0.005437
0.005436
0.005435
0.005434
0.005433
0.005432
0.005431
0.005430
0.005429
0.005428
0.005426
0.005425
0.005424
0.005423
0.005422
0.005421
0.005420
0.005419
0.005418
0.005417
0.005416
0.005415
0.005414
0.005412
0.005411
0.005410
0.005409
0.005408
0.005407
0.005406
0.005405
0.005404
0.005403
0.005402
0.005401
0.005400
0.005399
0.005397
0.005396
0.005395
0.005394
0.005393
0.005392
0.005391
0.005390
0.005389
0.005388
0.005387
0.005386
0.005385
0.005384
0.005383
0.005382
0.005380
0.005379
0.005378
0.005377
0.005376
0.005375
0.005374
0.005373
0.005372
0.005371
0.005370
0.005369
0.005368
0.005367
0.005366
0.005365
0.005364
0.005363
0.005361
0.005360
0.005359
0.005358
0.005357
0.005356
0.005355
0.005354
0.005353
0.005352
0.005351
0.005350
0.005349
0.005348
0.005347
0.005346
0.005345
0.005344
0.005343
0.005342
0.005340
0.005339
0.005338
0.005337
0.005336
0.005335
0.005334
0.005333
0.005332
0.005331
0.005330
0.005329
0.005328
0.005327
0.005326
0.005325
0.005324
0.005323
0.005322
0.005321
0.005320
0.005319
0.005318
0.005317
0.005315
0.005314
0.005313
0.005312
0.005311
0.005310
0.005309
0.005308
0.005307
0.005306
0.005305
0.005304
0.005303
0.005302
0.005301
0.005300
0.005299
0.005298
0.005297
0.005296
0.005295
0.005294
0.005293
0.005292
0.005291
0.005290
0.005289
0.005288
0.005287
0.005286
0.005285
0.005284
0.005283
0.005281
0.005280
0.005279
0.005278
0.005277
0.005276
0.005275
0.005274
0.005273
0.005272
0.005271
0.005270
0.005269
0.005268
0.005267
0.005266
0.005265
0.005264
0.005263
0.005262
0.005261
0.005260
0.005259
0.005258
0.005257
0.005256
0.005255
0.005254
0.005253
0.005252
0.005251
0.005250
0.005249
0.005248
0.005247
0.005246
0.005245
0.005244
0.005243
0.005242
0.005241
0.005240
0.005239
0.005238
0.005237
0.005236
0.005235
0.005234
0.005233
0.005232
0.005231
0.005230
0.005229
0.005228
0.005227
0.005226
0.005225
0.005224
0.005223
0.005222
0.005221
0.005220
0.005219
0.005218
0.005217
0.005216
0.005215
0.005214
0.005213
0.005212
0.005211
0.005210
0.005209
0.005208
0.005207
0.005206
0.005205
0.005204
0.005203
0.005202
0.005201
0.005200
0.005199
0.005198
0.005197
0.005196
0.005195
0.005194
0.005193
0.005192
0.005191
0.005190
0.005189
0.005188
0.005187
0.005186
0.005185
0.005184
0.005183
0.005182
0.005181
0.005180
0.005179
0.005178
0.005177
0.005176
0.005175
0.005174
0.005173
0.005172
0.005171
0.005170
0.005169
0.005168
0.005167
0.005166
0.005165
0.005164
0.005163
0.005162
0.005161
0.005160
0.005159
0.005158
0.005157
0.005156
0.005155
0.005154
0.005153
0.005152
0.005152
0.005151
0.005150
0.005149
0.005148
0.005147
0.005146
0.005145
0.005144
0.005143
0.005142
0.005141
0.005140
0.005139
0.005138
0.005137
0.005136
0.005135
0.005134
0.005133
0.005132
0.005131
0.005130
0.005129
0.005128
0.005127
0.005126
0.005125
0.005124
0.005123
0.005122
0.005121
0.005120
0.005119
0.005119
0.005118
0.005117
0.005116
0.005115
0.005114
0.005113
0.005112
0.005111
0.005110
0.005109
0.005108
0.005107
0.005106
0.005105
0.005104
0.005103
0.005102
0.005101
0.005100
0.005099
0.005098
0.005097
0.005096
0.005095
0.005095
0.005094
0.005093
0.005092
0.005091
0.005090
0.005089
0.005088
0.005087
0.005086
0.005085
0.005084
0.005083
0.005082
0.005081
0.005080
0.005079
0.005078
0.005077
0.005076
0.005075
0.005075
0.005074
0.005073
0.005072
0.005071
0.005070
0.005069
0.005068
0.005067
0.005066
0.005065
0.005064
0.005063
0.005062
0.005061
0.005060
0.005059
0.005058
0.005057
0.005057
0.005056
0.005055
0.005054
0.005053
0.005052
0.005051
0.005050
0.005049
0.005048
0.005047
0.005046
0.005045
0.005044
0.005043
0.005042
0.005042
0.005041
0.005040
0.005039
0.005038
0.005037
0.005036
0.005035
0.005034
0.005033
0.005032
0.005031
0.005030
0.005029
0.005028
0.005027
0.005027
0.005026
0.005025
0.005024
0.005023
0.005022
0.005021
0.005020
0.005019
0.005018
0.005017
0.005016
0.005015
0.005014
0.005014
0.005013
0.005012
0.005011
0.005010
0.005009
0.005008
0.005007
0.005006
0.005005
0.005004
0.005003
0.005002
0.005002
0.005001
0.005000
0.004999
0.004998
0.004997
0.004996
0.004995
0.004994
0.004993
0.004992
0.004991
0.004990
0.004990
0.004989
0.004988
0.004987
0.004986
0.004985
0.004984
0.004983
0.004982
0.004981
0.004980
0.004979
0.004979
0.004978
0.004977
0.004976
0.004975
0.004974
0.004973
0.004972
0.004971
0.004970
0.004969
0.004968
0.004968
0.004967
0.004966
0.004965
0.004964
0.004963
0.004962
0.004961
0.004960
0.004959
0.004958
0.004958
0.004957
0.004956
0.004955
0.004954
0.004953
0.004952
0.004951
0.004950
0.004949
0.004949
0.004948
0.004947
0.004946
0.004945
0.004944
0.004943
0.004942
0.004941
0.004940
0.004939
0.004939
0.004938
0.004937
0.004936
0.004935
0.004934
0.004933
0.004932
0.004931
0.004930
0.004930
0.004929
0.004928
0.004927
0.004926
0.004925
0.004924
0.004923
0.004922
0.004922
0.004921
0.004920
0.004919
0.004918
0.004917
0.004916
0.004915
0.004914
0.004913
0.004913
0.004912
0.004911
0.004910
0.004909
0.004908
0.004907
0.004906
0.004905
0.004905
0.004904
0.004903
0.004902
0.004901
0.004900
0.004899
0.004898
0.004897
0.004897
0.004896
0.004895
0.004894
0.004893
0.004892
0.004891
0.004890
0.004890
0.004889
0.004888
0.004887
0.004886
0.004885
0.004884
0.004883
0.004882
0.004882
0.004881
0.004880
0.004879
0.004878
0.004877
0.004876
0.004875
0.004875
0.004874
0.004873
0.004872
0.004871
0.004870
0.004869
0.004868
0.004867
0.004867
0.004866
0.004865
0.004864
0.004863
0.004862
0.004861
0.004860
0.004860
0.004859
0.004858
0.004857
0.004856
0.004855
0.004854
0.004854
0.004853
0.004852
0.004851
0.004850
0.004849
0.004848
0.004847
0.004847
0.004846
0.004845
0.004844
0.004843
0.004842
0.004841
0.004840
0.004840
0.004839
0.004838
0.004837
0.004836
0.004835
0.004834
0.004834
0.004833
0.004832
0.004831
0.004830
0.004829
0.004828
0.004827
0.004827
0.004826
0.004825
0.004824
0.004823
0.004822
0.004821
0.004821
0.004820
0.004819
0.004818
0.004817
0.004816
0.004815
0.004815
0.004814
0.004813
0.004812
0.004811
0.004810
0.004809
0.004809
0.004808
0.004807
0.004806
0.004805
0.004804
0.004803
0.004803
0.004802
0.004801
0.004800
0.004799
0.004798
0.004797
0.004797
0.004796
0.004795
0.004794
0.004793
0.004792
0.004792
0.004791
0.004790
0.004789
0.004788
0.004787
0.004786
0.004786
0.004785
0.004784
0.004783
0.004782
0.004781
0.004780
0.004780
0.004779
0.004778
0.004777
0.004776
0.004775
0.004775
0.004774
0.004773
0.004772
0.004771
0.004770
0.004769
0.004769
0.004768
0.004767
0.004766
0.004765
0.004764
0.004764
0.004763
0.004762
0.004761
0.004760
0.004759
0.004759
0.004758
0.004757
0.004756
0.004755
0.004754
0.004754
0.004753
0.004752
0.004751
0.004750
0.004749
0.004748
0.004748
0.004747
0.004746
0.004745
0.004744
0.004743
0.004743
0.004742
0.004741
0.004740
0.004739
0.004738
0.004738
0.004737
0.004736
0.004735
0.004734
0.004733
0.004733
0.004732
0.004731
0.004730
0.004729
0.004728
0.004728
0.004727
0.004726
0.004725
0.004724
0.004724
0.004723
0.004722
0.004721
0.004720
0.004719
0.004719
0.004718
0.004717
0.004716
0.004715
0.004714
0.004714
0.004713
0.004712
0.004711
0.004710
0.004709
0.004709
0.004708
0.004707
0.004706
0.004705
0.004705
0.004704
0.004703
0.004702
0.004701
0.004700
0.004700
0.004699
0.004698
0.004697
0.004696
0.004696
0.004695
0.004694
0.004693
0.004692
0.004691
0.004691
0.004690
0.004689
0.004688
0.004687
0.004687
0.004686
0.004685
0.004684
0.004683
0.004682
0.004682
0.004681
0.004680
0.004679
0.004678
0.004678
0.004677
0.004676
0.004675
0.004674
0.004674
0.004673
0.004672
0.004671
0.004670
0.004669
0.004669
0.004668
0.004667
0.004666
0.004665
0.004665
0.004664
0.004663
0.004662
0.004661
0.004661
0.004660
0.004659
0.004658
0.004657
0.004657
0.004656
0.004655
0.004654
0.004653
0.004653
0.004652
0.004651
0.004650
0.004649
0.004649
0.004648
0.004647
0.004646
0.004645
0.004645
0.004644
0.004643
0.004642
0.004641
0.004640
0.004640
0.004639
0.004638
0.004637
0.004636
0.004636
0.004635
0.004634
0.004633
0.004633
0.004632
0.004631
0.004630
0.004629
0.004629
0.004628
0.004627
0.004626
0.004625
0.004625
0.004624
0.004623
0.004622
0.004621
0.004621
0.004620
0.004619
0.004618
0.004617
0.004617
0.004616
0.004615
0.004614
0.004613
0.004613
0.004612
0.004611
0.004610
0.004609
0.004609
0.004608
0.004607
0.004606
0.004606
0.004605
0.004604
0.004603
0.004602
0.004602
0.004601
0.004600
0.004599
0.004598
0.004598
0.004597
0.004596
0.004595
0.004595
0.004594
0.004593
0.004592
0.004591
0.004591
0.004590
0.004589
0.004588
0.004587
0.004587
0.004586
0.004585
0.004584
0.004584
0.004583
0.004582
0.004581
0.004580
0.004580
0.004579
0.004578
0.004577
0.004577
0.004576
0.004575
0.004574
0.004573
0.004573
0.004572
0.004571
0.004570
0.004570
0.004569
0.004568
0.004567
0.004566
0.004566
0.004565
0.004564
0.004563
0.004563
0.004562
0.004561
0.004560
0.004559
0.004559
0.004558
0.004557
0.004556
0.004556
0.004555
0.004554
0.004553
0.004552
0.004552
0.004551
0.004550
0.004549
0.004549
0.004548
0.004547
0.004546
0.004546
0.004545
0.004544
0.004543
0.004542
0.004542
0.004541
0.004540
0.004539
0.004539
0.004538
0.004537
0.004536
0.004536
0.004535
0.004534
0.004533
0.004533
0.004532
0.004531
0.004530
0.004529
0.004529
0.004528
0.004527
0.004526
0.004526
0.004525
0.004524
0.004523
0.004523
0.004522
0.004521
0.004520
0.004520
0.004519
0.004518
0.004517
0.004516
0.004516
0.004515
0.004514
0.004513
0.004513
0.004512
0.004511
0.004510
0.004510
0.004509
0.004508
0.004507
0.004507
0.004506
0.004505
0.004504
0.004504
0.004503
0.004502
0.004501
0.004501
0.004500
0.004499
0.004498
0.004498
0.004497
0.004496
0.004495
0.004495
0.004494
0.004493
0.004492
0.004492
0.004491
0.004490
0.004489
0.004489
0.004488
0.004487
0.004486
0.004486
0.004485
0.004484
0.004483
0.004483
0.004482
0.004481
0.004480
0.004480
0.004479
0.004478
0.004477
0.004477
0.004476
0.004475
0.004474
0.004474
0.004473
0.004472
0.004471
0.004471
0.004470
0.004469
0.004468
0.004468
0.004467
0.004466
0.004465
0.004465
0.004464
0.004463
0.004462
0.004462
0.004461
0.004460
0.004459
0.004459
0.004458
0.004457
0.004456
0.004456
0.004455
0.004454
0.004453
0.004453
0.004452
0.004451
0.004451
0.004450
0.004449
0.004448
0.004448
0.004447
0.004446
0.004445
0.004445
0.004444
0.004443
0.004442
0.004442
0.004441
0.004440
0.004439
0.004439
0.004438
0.004437
0.004437
0.004436
0.004435
0.004434
0.004434
0.004433
0.004432
0.004431
0.004431
0.004430
0.004429
0.004428
0.004428
0.004427
0.004426
0.004426
0.004425
0.004424
0.004423
0.004423
0.004422
0.004421
0.004420
0.004420
0.004419
0.004418
0.004418
0.004417
0.004416
0.004415
0.004415
0.004414
0.004413
0.004412
0.004412
0.004411
0.004410
0.004410
0.004409
0.004408
0.004407
0.004407
0.004406
0.004405
0.004404
0.004404
0.004403
0.004402
0.004402
0.004401
0.004400
0.004399
0.004399
0.004398
0.004397
0.004396
0.004396
0.004395
0.004394
0.004394
0.004393
0.004392
0.004391
0.004391
0.004390
0.004389
0.004389
0.004388
0.004387
0.004386
0.004386
0.004385
0.004384
0.004384
0.004383
0.004382
0.004381
0.004381
0.004380
0.004379
0.004378
0.004378
0.004377
0.004376
0.004376
0.004375
0.004374
0.004373
0.004373
0.004372
0.004371
0.004371
0.004370
0.004369
0.004368
0.004368
0.004367
0.004366
0.004366
0.004365
0.004364
0.004363
0.004363
0.004362
0.004361
0.004361
0.004360
0.004359
0.004359
0.004358
0.004357
0.004356
0.004356
0.004355
0.004354
0.004354
0.004353
0.004352
0.004351
0.004351
0.004350
0.004349
0.004349
0.004348
0.004347
0.004346
0.004346
0.004345
0.004344
0.004344
0.004343
0.004342
0.004342
0.004341
0.004340
0.004339
0.004339
0.004338
0.004337
0.004337
0.004336
0.004335
0.004335
0.004334
0.004333
0.004332
0.004332
0.004331
0.004330
0.004330
0.004329
0.004328
0.004327
0.004327
0.004326
0.004325
0.004325
0.004324
0.004323
0.004323
0.004322
0.004321
0.004320
0.004320
0.004319
0.004318
0.004318
0.004317
0.004316
0.004316
0.004315
0.004314
0.004314
0.004313
0.004312
0.004311
0.004311
0.004310
0.004309
0.004309
0.004308
0.004307
0.004307
0.004306
0.004305
0.004304
0.004304
0.004303
0.004302
0.004302
0.004301
0.004300
0.004300
0.004299
0.004298
0.004298
0.004297
0.004296
0.004295
0.004295
0.004294
0.004293
0.004293
0.004292
0.004291
0.004291
0.004290
0.004289
0.004289
0.004288
0.004287
0.004287
0.004286
0.004285
0.004284
0.004284
0.004283
0.004282
0.004282
0.004281
0.004280
0.004280
0.004279
0.004278
0.004278
0.004277
0.004276
0.004276
0.004275
0.004274
0.004273
0.004273
0.004272
0.004271
0.004271
0.004270
0.004269
0.004269
0.004268
0.004267
0.004267
0.004266
0.004265
0.004265
0.004264
0.004263
0.004263
0.004262
0.004261
0.004261
0.004260
0.004259
0.004258
0.004258
0.004257
0.004256
0.004256
0.004255
0.004254
0.004254
0.004253
0.004252
0.004252
0.004251
0.004250
0.004250
0.004249
0.004248
0.004248
0.004247
0.004246
0.004246
0.004245
0.004244
0.004244
0.004243
0.004242
0.004242
0.004241
0.004240
0.004240
0.004239
0.004238
0.004238
0.004237
0.004236
0.004236
0.004235
0.004234
0.004233
0.004233
0.004232
0.004231
0.004231
0.004230
0.004229
0.004229
0.004228
0.004227
0.004227
0.004226
0.004225
0.004225
0.004224
0.004223
0.004223
0.004222
0.004221
0.004221
0.004220
0.004219
0.004219
0.004218
0.004217
0.004217
0.004216
0.004215
0.004215
0.004214
0.004213
0.004213
0.004212
0.004211
0.004211
0.004210
0.004209
0.004209
0.004208
0.004207
0.004207
0.004206
0.004205
0.004205
0.004204
0.004203
0.004203
0.004202
0.004201
0.004201
0.004200
0.004199
0.004199
0.004198
0.004198
0.004197
0.004196
0.004196
0.004195
0.004194
0.004194
0.004193
0.004192
0.004192
0.004191
0.004190
0.004190
0.004189
0.004188
0.004188
0.004187
0.004186
0.004186
0.004185
0.004184
0.004184
0.004183
0.004182
0.004182
0.004181
0.004180
0.004180
0.004179
0.004178
0.004178
0.004177
0.004176
0.004176
0.004175
0.004175
0.004174
0.004173
0.004173
0.004172
0.004171
0.004171
0.004170
0.004169
0.004169
0.004168
0.004167
0.004167
0.004166
0.004165
0.004165
0.004164
0.004163
0.004163
0.004162
0.004161
0.004161
0.004160
0.004160
0.004159
0.004158
0.004158
0.004157
0.004156
0.004156
0.004155
0.004154
0.004154
0.004153
0.004152
0.004152
0.004151
0.004150
0.004150
0.004149
0.004149
0.004148
0.004147
0.004147
0.004146
0.004145
0.004145
0.004144
0.004143
0.004143
0.004142
0.004141
0.004141
0.004140
0.004139
0.004139
0.004138
0.004138
0.004137
0.004136
0.004136
0.004135
0.004134
0.004134
0.004133
0.004132
0.004132
0.004131
0.004130
0.004130
0.004129
0.004129
0.004128
0.004127
0.004127
0.004126
0.004125
0.004125
0.004124
0.004123
0.004123
0.004122
0.004122
0.004121
0.004120
0.004120
0.004119
0.004118
0.004118
0.004117
0.004116
0.004116
0.004115
0.004115
0.004114
0.004113
0.004113
0.004112
0.004111
0.004111
0.004110
0.004109
0.004109
0.004108
0.004108
0.004107
0.004106
0.004106
0.004105
0.004104
0.004104
0.004103
0.004102
0.004102
0.004101
0.004101
0.004100
0.004099
0.004099
0.004098
0.004097
0.004097
0.004096
0.004096
0.004095
0.004094
0.004094
0.004093
0.004092
0.004092
0.004091
0.004090
0.004090
0.004089
0.004089
0.004088
0.004087
0.004087
0.004086
0.004085
0.004085
0.004084
0.004084
0.004083
0.004082
0.004082
0.004081
0.004080
0.004080
0.004079
0.004079
0.004078
0.004077
0.004077
0.004076
0.004075
0.004075
0.004074
0.004074
0.004073
0.004072
0.004072
0.004071
0.004070
0.004070
0.004069
0.004069
0.004068
0.004067
0.004067
0.004066
0.004065
0.004065
0.004064
0.004064
0.004063
0.004062
0.004062
0.004061
0.004061
0.004060
0.004059
0.004059
0.004058
0.004057
0.004057
0.004056
0.004056
0.004055
0.004054
0.004054
0.004053
0.004052
0.004052
0.004051
0.004051
0.004050
0.004049
0.004049
0.004048
0.004048
0.004047
0.004046
0.004046
0.004045
0.004044
0.004044
0.004043
0.004043
0.004042
0.004041
0.004041
0.004040
0.004040
0.004039
0.004038
0.004038
0.004037
0.004036
0.004036
0.004035
0.004035
0.004034
0.004033
0.004033
0.004032
0.004032
0.004031
0.004030
0.004030
0.004029
0.004029
0.004028
0.004027
0.004027
0.004026
0.004025
0.004025
0.004024
0.004024
0.004023
0.004022
0.004022
0.004021
0.004021
0.004020
0.004019
0.004019
0.004018
0.004018
0.004017
0.004016
0.004016
0.004015
0.004015
0.004014
0.004013
0.004013
0.004012
0.004011
0.004011
0.004010
0.004010
0.004009
0.004008
0.004008
0.004007
0.004007
0.004006
0.004005
0.004005
0.004004
0.004004
0.004003
0.004002
0.004002
0.004001
0.004001
0.004000
0.003999
0.003999
0.003998
0.003998
0.003997
0.003996
0.003996
0.003995
0.003995
0.003994
0.003993
0.003993
0.003992
0.003992
0.003991
0.003990
0.003990
0.003989
0.003989
0.003988
0.003987
0.003987
0.003986
0.003986
0.003985
0.003984
0.003984
0.003983
0.003983
0.003982
0.003981
0.003981
0.003980
0.003980
0.003979
0.003978
0.003978
0.003977
0.003977
0.003976
0.003975
0.003975
0.003974
0.003974
0.003973
0.003972
0.003972
0.003971
0.003971
0.003970
0.003969
0.003969
0.003968
0.003968
0.003967
0.003967
0.003966
0.003965
0.003965
0.003964
0.003964
0.003963
0.003962
0.003962
0.003961
0.003961
0.003960
0.003959
0.003959
0.003958
0.003958
0.003957
0.003956
0.003956
0.003955
0.003955
0.003954
0.003953
0.003953
0.003952
0.003952
0.003951
0.003951
0.003950
0.003949
0.003949
0.003948
0.003948
0.003947
0.003946
0.003946
0.003945
0.003945
0.003944
0.003944
0.003943
0.003942
0.003942
0.003941
0.003941
0.003940
0.003939
0.003939
0.003938
0.003938
0.003937
0.003936
0.003936
0.003935
0.003935
0.003934
0.003934
0.003933
0.003932
0.003932
0.003931
0.003931
0.003930
0.003929
0.003929
0.003928
0.003928
0.003927
0.003927
0.003926
0.003925
0.003925
0.003924
0.003924
0.003923
0.003922
0.003922
0.003921
0.003921
0.003920
0.003920
0.003919
0.003918
0.003918
0.003917
0.003917
0.003916
0.003916
0.003915
0.003914
0.003914
0.003913
0.003913
0.003912
0.003912
0.003911
0.003910
0.003910
0.003909
0.003909
0.003908
0.003907
0.003907
0.003906
0.003906
0.003905
0.003905
0.003904
0.003903
0.003903
0.003902
0.003902
0.003901
0.003901
0.003900
0.003899
0.003899
0.003898
0.003898
0.003897
0.003897
0.003896
0.003895
0.003895
0.003894
0.003894
0.003893
0.003893
0.003892
0.003891
0.003891
0.003890
0.003890
0.003889
0.003889
0.003888
0.003887
0.003887
0.003886
0.003886
0.003885
0.003885
0.003884
0.003883
0.003883
0.003882
0.003882
0.003881
0.003881
0.003880
0.003879
0.003879
0.003878
0.003878
0.003877
0.003877
0.003876
0.003875
0.003875
0.003874
0.003874
0.003873
0.003873
0.003872
0.003871
0.003871
0.003870
0.003870
0.003869
0.003869
0.003868
0.003868
0.003867
0.003866
0.003866
0.003865
0.003865
0.003864
0.003864
0.003863
0.003862
0.003862
0.003861
0.003861
0.003860
0.003860
0.003859
0.003858
0.003858
0.003857
0.003857
0.003856
0.003856
0.003855
0.003855
0.003854
0.003853
0.003853
0.003852
0.003852
0.003851
0.003851
0.003850
0.003850
0.003849
0.003848
0.003848
0.003847
0.003847
0.003846
0.003846
0.003845
0.003844
0.003844
0.003843
0.003843
0.003842
0.003842
0.003841
0.003841
0.003840
0.003839
0.003839
0.003838
0.003838
0.003837
0.003837
0.003836
0.003836
0.003835
0.003834
0.003834
0.003833
0.003833
0.003832
0.003832
0.003831
0.003831
0.003830
0.003829
0.003829
0.003828
0.003828
0.003827
0.003827
0.003826
0.003826
0.003825
0.003824
0.003824
0.003823
0.003823
0.003822
0.003822
0.003821
0.003821
0.003820
0.003819
0.003819
0.003818
0.003818
0.003817
0.003817
0.003816
0.003816
0.003815
0.003815
0.003814
0.003813
0.003813
0.003812
0.003812
0.003811
0.003811
0.003810
0.003810
0.003809
0.003808
0.003808
0.003807
0.003807
0.003806
0.003806
0.003805
0.003805
0.003804
0.003804
0.003803
0.003802
0.003802
0.003801
0.003801
0.003800
0.003800
0.003799
0.003799
0.003798
0.003798
0.003797
0.003796
0.003796
0.003795
0.003795
0.003794
0.003794
0.003793
0.003793
0.003792
0.003792
0.003791
0.003790
0.003790
0.003789
0.003789
0.003788
0.003788
0.003787
0.003787
0.003786
0.003786
0.003785
0.003784
0.003784
0.003783
0.003783
0.003782
0.003782
0.003781
0.003781
0.003780
0.003780
0.003779
0.003779
0.003778
0.003777
0.003777
0.003776
0.003776
0.003775
0.003775
0.003774
0.003774
0.003773
0.003773
0.003772
0.003772
0.003771
0.003770
0.003770
0.003769
0.003769
0.003768
0.003768
0.003767
0.003767
0.003766
0.003766
0.003765
0.003765
0.003764
0.003763
0.003763
0.003762
0.003762
0.003761
0.003761
0.003760
0.003760
0.003759
0.003759
0.003758
0.003758
0.003757
0.003756
0.003756
0.003755
0.003755
0.003754
0.003754
0.003753
0.003753
0.003752
0.003752
0.003751
0.003751
0.003750
0.003750
0.003749
0.003749
0.003748
0.003747
0.003747
0.003746
0.003746
0.003745
0.003745
0.003744
0.003744
0.003743
0.003743
0.003742
0.003742
0.003741
0.003741
0.003740
0.003739
0.003739
0.003738
0.003738
0.003737
0.003737
0.003736
0.003736
0.003735
0.003735
0.003734
0.003734
0.003733
0.003733
0.003732
0.003732
0.003731
0.003730
0.003730
0.003729
0.003729
0.003728
0.003728
0.003727
0.003727
0.003726
0.003726
0.003725
0.003725
0.003724
0.003724
0.003723
0.003723
0.003722
0.003722
0.003721
0.003721
0.003720
0.003719
0.003719
0.003718
0.003718
0.003717
0.003717
0.003716
0.003716
0.003715
0.003715
0.003714
0.003714
0.003713
0.003713
0.003712
0.003712
0.003711
0.003711
0.003710
0.003710
0.003709
0.003708
0.003708
0.003707
0.003707
0.003706
0.003706
0.003705
0.003705
0.003704
0.003704
0.003703
0.003703
0.003702
0.003702
0.003701
0.003701
0.003700
0.003700
0.003699
0.003699
0.003698
0.003698
0.003697
0.003697
0.003696
0.003695
0.003695
0.003694
0.003694
0.003693
0.003693
0.003692
0.003692
0.003691
0.003691
0.003690
0.003690
0.003689
0.003689
0.003688
0.003688
0.003687
0.003687
0.003686
0.003686
0.003685
0.003685
0.003684
0.003684
0.003683
0.003683
0.003682
0.003682
0.003681
0.003681
0.003680
0.003679
0.003679
0.003678
0.003678
0.003677
0.003677
0.003676
0.003676
0.003675
0.003675
0.003674
0.003674
0.003673
0.003673
0.003672
0.003672
0.003671
0.003671
0.003670
0.003670
0.003669
0.003669
0.003668
0.003668
0.003667
0.003667
0.003666
0.003666
0.003665
0.003665
0.003664
0.003664
0.003663
0.003663
0.003662
0.003662
0.003661
0.003661
0.003660
0.003660
0.003659
0.003659
0.003658
0.003658
0.003657
0.003657
0.003656
0.003656
0.003655
0.003654
0.003654
0.003653
0.003653
0.003652
0.003652
0.003651
0.003651
0.003650
0.003650
0.003649
0.003649
0.003648
0.003648
0.003647
0.003647
0.003646
0.003646
0.003645
0.003645
0.003644
0.003644
0.003643
0.003643
0.003642
0.003642
0.003641
0.003641
0.003640
0.003640
0.003639
0.003639
0.003638
0.003638
0.003637
0.003637
0.003636
0.003636
0.003635
0.003635
0.003634
0.003634
0.003633
0.003633
0.003632
0.003632
0.003631
0.003631
0.003630
0.003630
0.003629
0.003629
0.003628
0.003628
0.003627
0.003627
0.003626
0.003626
0.003625
0.003625
0.003624
0.003624
0.003623
0.003623
0.003622
0.003622
0.003621
0.003621
0.003620
0.003620
0.003619
0.003619
0.003618
0.003618
0.003617
0.003617
0.003616
0.003616
0.003615
0.003615
0.003614
0.003614
0.003613
0.003613
0.003612
0.003612
0.003611
0.003611
0.003610
0.003610
0.003609
0.003609
0.003608
0.003608
0.003607
0.003607
0.003606
0.003606
0.003605
0.003605
0.003604
0.003604
0.003603
0.003603
0.003602
0.003602
0.003601
0.003601
0.003601
0.003600
0.003600
0.003599
0.003599
0.003598
0.003598
0.003597
0.003597
0.003596
0.003596
0.003595
0.003595
0.003594
0.003594
0.003593
0.003593
0.003592
0.003592
0.003591
0.003591
0.003590
0.003590
0.003589
0.003589
0.003588
0.003588
0.003587
0.003587
0.003586
0.003586
0.003585
0.003585
0.003584
0.003584
0.003583
0.003583
0.003582
0.003582
0.003581
0.003581
0.003580
0.003580
0.003579
0.003579
0.003578
0.003578
0.003577
0.003577
0.003577
0.003576
0.003576
0.003575
0.003575
0.003574
0.003574
0.003573
0.003573
0.003572
0.003572
0.003571
0.003571
0.003570
0.003570
0.003569
0.003569
0.003568
0.003568
0.003567
0.003567
0.003566
0.003566
0.003565
0.003565
0.003564
0.003564
0.003563
0.003563
0.003562
0.003562
0.003561
0.003561
0.003561
0.003560
0.003560
0.003559
0.003559
0.003558
0.003558
0.003557
0.003557
0.003556
0.003556
0.003555
0.003555
0.003554
0.003554
0.003553
0.003553
0.003552
0.003552
0.003551
0.003551
0.003550
0.003550
0.003549
0.003549
0.003549
0.003548
0.003548
0.003547
0.003547
0.003546
0.003546
0.003545
0.003545
0.003544
0.003544
0.003543
0.003543
0.003542
0.003542
0.003541
0.003541
0.003540
0.003540
0.003539
0.003539
0.003538
0.003538
0.003538
0.003537
0.003537
0.003536
0.003536
0.003535
0.003535
0.003534
0.003534
0.003533
0.003533
0.003532
0.003532
0.003531
0.003531
0.003530
0.003530
0.003529
0.003529
0.003529
0.003528
0.003528
0.003527
0.003527
0.003526
0.003526
0.003525
0.003525
0.003524
0.003524
0.003523
0.003523
0.003522
0.003522
0.003521
0.003521
0.003520
0.003520
0.003520
0.003519
0.003519
0.003518
0.003518
0.003517
0.003517
0.003516
0.003516
0.003515
0.003515
0.003514
0.003514
0.003513
0.003513
0.003512
0.003512
0.003512
0.003511
0.003511
0.003510
0.003510
0.003509
0.003509
0.003508
0.003508
0.003507
0.003507
0.003506
0.003506
0.003505
0.003505
0.003504
0.003504
0.003504
0.003503
0.003503
0.003502
0.003502
0.003501
0.003501
0.003500
0.003500
0.003499
0.003499
0.003498
0.003498
0.003497
0.003497
0.003497
0.003496
0.003496
0.003495
0.003495
0.003494
0.003494
0.003493
0.003493
0.003492
0.003492
0.003491
0.003491
0.003491
0.003490
0.003490
0.003489
0.003489
0.003488
0.003488
0.003487
0.003487
0.003486
0.003486
0.003485
0.003485
0.003484
0.003484
0.003484
0.003483
0.003483
0.003482
0.003482
0.003481
0.003481
0.003480
0.003480
0.003479
0.003479
0.003478
0.003478
0.003478
0.003477
0.003477
0.003476
0.003476
0.003475
0.003475
0.003474
0.003474
0.003473
0.003473
0.003472
0.003472
0.003472
0.003471
0.003471
0.003470
0.003470
0.003469
0.003469
0.003468
0.003468
0.003467
0.003467
0.003467
0.003466
0.003466
0.003465
0.003465
0.003464
0.003464
0.003463
0.003463
0.003462
0.003462
0.003461
0.003461
0.003461
0.003460
0.003460
0.003459
0.003459
0.003458
0.003458
0.003457
0.003457
0.003456
0.003456
0.003456
0.003455
0.003455
0.003454
0.003454
0.003453
0.003453
0.003452
0.003452
0.003451
0.003451
0.003451
0.003450
0.003450
0.003449
0.003449
0.003448
0.003448
0.003447
0.003447
0.003446
0.003446
0.003446
0.003445
0.003445
0.003444
0.003444
0.003443
0.003443
0.003442
0.003442
0.003442
0.003441
0.003441
0.003440
0.003440
0.003439
0.003439
0.003438
0.003438
0.003437
0.003437
0.003437
0.003436
0.003436
0.003435
0.003435
0.003434
0.003434
0.003433
0.003433
0.003433
0.003432
0.003432
0.003431
0.003431
0.003430
0.003430
0.003429
0.003429
0.003428
0.003428
0.003428
0.003427
0.003427
0.003426
0.003426
0.003425
0.003425
0.003424
0.003424
0.003424
0.003423
0.003423
0.003422
0.003422
0.003421
0.003421
0.003420
0.003420
0.003420
0.003419
0.003419
0.003418
0.003418
0.003417
0.003417
0.003416
0.003416
0.003416
0.003415
0.003415
0.003414
0.003414
0.003413
0.003413
0.003412
0.003412
0.003411
0.003411
0.003411
0.003410
0.003410
0.003409
0.003409
0.003408
0.003408
0.003408
0.003407
0.003407
0.003406
0.003406
0.003405
0.003405
0.003404
0.003404
0.003404
0.003403
0.003403
0.003402
0.003402
0.003401
0.003401
0.003400
0.003400
0.003400
0.003399
0.003399
0.003398
0.003398
0.003397
0.003397
0.003396
0.003396
0.003396
0.003395
0.003395
0.003394
0.003394
0.003393
0.003393
0.003392
0.003392
0.003392
0.003391
0.003391
0.003390
0.003390
0.003389
0.003389
0.003389
0.003388
0.003388
0.003387
0.003387
0.003386
0.003386
0.003385
0.003385
0.003385
0.003384
0.003384
0.003383
0.003383
0.003382
0.003382
0.003382
0.003381
0.003381
0.003380
0.003380
0.003379
0.003379
0.003378
0.003378
0.003378
0.003377
0.003377
0.003376
0.003376
0.003375
0.003375
0.003375
0.003374
0.003374
0.003373
0.003373
0.003372
0.003372
0.003372
0.003371
0.003371
0.003370
0.003370
0.003369
0.003369
0.003368
0.003368
0.003368
0.003367
0.003367
0.003366
0.003366
0.003365
0.003365
0.003365
0.003364
0.003364
0.003363
0.003363
0.003362
0.003362
0.003362
0.003361
0.003361
0.003360
0.003360
0.003359
0.003359
0.003359
0.003358
0.003358
0.003357
0.003357
0.003356
0.003356
0.003356
0.003355
0.003355
0.003354
0.003354
0.003353
0.003353
0.003353
0.003352
0.003352
0.003351
0.003351
0.003350
0.003350
0.003349
0.003349
0.003349
0.003348
0.003348
0.003347
0.003347
0.003346
0.003346
0.003346
0.003345
0.003345
0.003344
0.003344
0.003344
0.003343
0.003343
0.003342
0.003342
0.003341
0.003341
0.003341
0.003340
0.003340
0.003339
0.003339
0.003338
0.003338
0.003338
0.003337
0.003337
0.003336
0.003336
0.003335
0.003335
0.003335
0.003334
0.003334
0.003333
0.003333
0.003332
0.003332
0.003332
0.003331
0.003331
0.003330
0.003330
0.003329
0.003329
0.003329
0.003328
0.003328
0.003327
0.003327
0.003326
0.003326
0.003326
0.003325
0.003325
0.003324
0.003324
0.003324
0.003323
0.003323
0.003322
0.003322
0.003321
0.003321
0.003321
0.003320
0.003320
0.003319
0.003319
0.003318
0.003318
0.003318
0.003317
0.003317
0.003316
0.003316
0.003316
0.003315
0.003315
0.003314
0.003314
0.003313
0.003313
0.003313
0.003312
0.003312
0.003311
0.003311
0.003310
0.003310
0.003310
0.003309
0.003309
0.003308
0.003308
0.003308
0.003307
0.003307
0.003306
0.003306
0.003305
0.003305
0.003305
0.003304
0.003304
0.003303
0.003303
0.003303
0.003302
0.003302
0.003301
0.003301
0.003300
0.003300
0.003300
0.003299
0.003299
0.003298
0.003298
0.003298
0.003297
0.003297
0.003296
0.003296
0.003295
0.003295
0.003295
0.003294
0.003294
0.003293
0.003293
0.003293
0.003292
0.003292
0.003291
0.003291
0.003290
0.003290
0.003290
0.003289
0.003289
0.003288
0.003288
0.003288
0.003287
0.003287
0.003286
0.003286
0.003286
0.003285
0.003285
0.003284
0.003284
0.003283
0.003283
0.003283
0.003282
0.003282
0.003281
0.003281
0.003281
0.003280
0.003280
0.003279
0.003279
0.003279
0.003278
0.003278
0.003277
0.003277
0.003276
0.003276
0.003276
0.003275
0.003275
0.003274
0.003274
0.003274
0.003273
0.003273
0.003272
0.003272
0.003272
0.003271
0.003271
0.003270
0.003270
0.003269
0.003269
0.003269
0.003268
0.003268
0.003267
0.003267
0.003267
0.003266
0.003266
0.003265
0.003265
0.003265
0.003264
0.003264
0.003263
0.003263
0.003263
0.003262
0.003262
0.003261
0.003261
0.003260
0.003260
0.003260
0.003259
0.003259
0.003258
0.003258
0.003258
0.003257
0.003257
0.003256
0.003256
0.003256
0.003255
0.003255
0.003254
0.003254
0.003254
0.003253
0.003253
0.003252
0.003252
0.003252
0.003251
0.003251
0.003250
0.003250
0.003250
0.003249
0.003249
0.003248
0.003248
0.003248
0.003247
0.003247
0.003246
0.003246
0.003245
0.003245
0.003245
0.003244
0.003244
0.003243
0.003243
0.003243
0.003242
0.003242
0.003241
0.003241
0.003241
0.003240
0.003240
0.003239
0.003239
0.003239
0.003238
0.003238
0.003237
0.003237
0.003237
0.003236
0.003236
0.003235
0.003235
0.003235
0.003234
0.003234
0.003233
0.003233
0.003233
0.003232
0.003232
0.003231
0.003231
0.003231
0.003230
0.003230
0.003229
0.003229
0.003229
0.003228
0.003228
0.003227
0.003227
0.003227
0.003226
0.003226
0.003225
0.003225
0.003225
0.003224
0.003224
0.003223
0.003223
0.003223
0.003222
0.003222
0.003221
0.003221
0.003221
0.003220
0.003220
0.003219
0.003219
0.003219
0.003218
0.003218
0.003217
0.003217
0.003217
0.003216
0.003216
0.003215
0.003215
0.003215
0.003214
0.003214
0.003213
0.003213
0.003213
0.003212
0.003212
0.003212
0.003211
0.003211
0.003210
0.003210
0.003210
0.003209
0.003209
0.003208
0.003208
0.003208
0.003207
0.003207
0.003206
0.003206
0.003206
0.003205
0.003205
0.003204
0.003204
0.003204
0.003203
0.003203
0.003202
0.003202
0.003202
0.003201
0.003201
0.003200
0.003200
0.003200
0.003199
0.003199
0.003199
0.003198
0.003198
0.003197
0.003197
0.003197
0.003196
0.003196
0.003195
0.003195
0.003195
0.003194
0.003194
0.003193
0.003193
0.003193
0.003192
0.003192
0.003191
0.003191
0.003191
0.003190
0.003190
0.003190
0.003189
0.003189
0.003188
0.003188
0.003188
0.003187
0.003187
0.003186
0.003186
0.003186
0.003185
0.003185
0.003184
0.003184
0.003184
0.003183
0.003183
0.003183
0.003182
0.003182
0.003181
0.003181
0.003181
0.003180
0.003180
0.003179
0.003179
0.003179
0.003178
0.003178
0.003177
0.003177
0.003177
0.003176
0.003176
0.003176
0.003175
0.003175
0.003174
0.003174
0.003174
0.003173
0.003173
0.003172
0.003172
0.003172
0.003171
0.003171
0.003171
0.003170
0.003170
0.003169
0.003169
0.003169
0.003168
0.003168
0.003167
0.003167
0.003167
0.003166
0.003166
0.003165
0.003165
0.003165
0.003164
0.003164
0.003164
0.003163
0.003163
0.003162
0.003162
0.003162
0.003161
0.003161
0.003161
0.003160
0.003160
0.003159
0.003159
0.003159
0.003158
0.003158
0.003157
0.003157
0.003157
0.003156
0.003156
0.003156
0.003155
0.003155
0.003154
0.003154
0.003154
0.003153
0.003153
0.003152
0.003152
0.003152
0.003151
0.003151
0.003151
0.003150
0.003150
0.003149
0.003149
0.003149
0.003148
0.003148
0.003148
0.003147
0.003147
0.003146
0.003146
0.003146
0.003145
0.003145
0.003144
0.003144
0.003144
0.003143
0.003143
0.003143
0.003142
0.003142
0.003141
0.003141
0.003141
0.003140
0.003140
0.003140
0.003139
0.003139
0.003138
0.003138
0.003138
0.003137
0.003137
0.003137
0.003136
0.003136
0.003135
0.003135
0.003135
0.003134
0.003134
0.003133
0.003133
0.003133
0.003132
0.003132
0.003132
0.003131
0.003131
0.003130
0.003130
0.003130
0.003129
0.003129
0.003129
0.003128
0.003128
0.003127
0.003127
0.003127
0.003126
0.003126
0.003126
0.003125
0.003125
0.003124
0.003124
0.003124
0.003123
0.003123
0.003123
0.003122
0.003122
0.003121
0.003121
0.003121
0.003120
0.003120
0.003120
0.003119
0.003119
0.003118
0.003118
0.003118
0.003117
0.003117
0.003117
0.003116
0.003116
0.003115
0.003115
0.003115
0.003114
0.003114
0.003114
0.003113
0.003113
0.003112
0.003112
0.003112
0.003111
0.003111
0.003111
0.003110
0.003110
0.003110
0.003109
0.003109
0.003108
0.003108
0.003108
0.003107
0.003107
0.003107
0.003106
0.003106
0.003105
0.003105
0.003105
0.003104
0.003104
0.003104
0.003103
0.003103
0.003102
0.003102
0.003102
0.003101
0.003101
0.003101
0.003100
0.003100
0.003100
0.003099
0.003099
0.003098
0.003098
0.003098
0.003097
0.003097
0.003097
0.003096
0.003096
0.003095
0.003095
0.003095
0.003094
0.003094
0.003094
0.003093
0.003093
0.003093
0.003092
0.003092
0.003091
0.003091
0.003091
0.003090
0.003090
0.003090
0.003089
0.003089
0.003088
0.003088
0.003088
0.003087
0.003087
0.003087
0.003086
0.003086
0.003086
0.003085
0.003085
0.003084
0.003084
0.003084
0.003083
0.003083
0.003083
0.003082
0.003082
0.003082
0.003081
0.003081
0.003080
0.003080
0.003080
0.003079
0.003079
0.003079
0.003078
0.003078
0.003077
0.003077
0.003077
0.003076
0.003076
0.003076
0.003075
0.003075
0.003075
0.003074
0.003074
0.003073
0.003073
0.003073
0.003072
0.003072
0.003072
0.003071
0.003071
0.003071
0.003070
0.003070
0.003069
0.003069
0.003069
0.003068
0.003068
0.003068
0.003067
0.003067
0.003067
0.003066
0.003066
0.003066
0.003065
0.003065
0.003064
0.003064
0.003064
0.003063
0.003063
0.003063
0.003062
0.003062
0.003062
0.003061
0.003061
0.003060
0.003060
0.003060
0.003059
0.003059
0.003059
0.003058
0.003058
0.003058
0.003057
0.003057
0.003056
0.003056
0.003056
0.003055
0.003055
0.003055
0.003054
0.003054
0.003054
0.003053
0.003053
0.003053
0.003052
0.003052
0.003051
0.003051
0.003051
0.003050
0.003050
0.003050
0.003049
0.003049
0.003049
0.003048
0.003048
0.003048
0.003047
0.003047
0.003046
0.003046
0.003046
0.003045
0.003045
0.003045
0.003044
0.003044
0.003044
0.003043
0.003043
0.003043
0.003042
0.003042
0.003041
0.003041
0.003041
0.003040
0.003040
0.003040
0.003039
0.003039
0.003039
0.003038
0.003038
0.003038
0.003037
0.003037
0.003036
0.003036
0.003036
0.003035
0.003035
0.003035
0.003034
0.003034
0.003034
0.003033
0.003033
0.003033
0.003032
0.003032
0.003032
0.003031
0.003031
0.003030
0.003030
0.003030
0.003029
0.003029
0.003029
0.003028
0.003028
0.003028
0.003027
0.003027
0.003027
0.003026
0.003026
0.003026
0.003025
0.003025
0.003024
0.003024
0.003024
0.003023
0.003023
0.003023
0.003022
0.003022
0.003022
0.003021
0.003021
0.003021
0.003020
0.003020
0.003020
0.003019
0.003019
0.003018
0.003018
0.003018
0.003017
0.003017
0.003017
0.003016
0.003016
0.003016
0.003015
0.003015
0.003015
0.003014
0.003014
0.003014
0.003013
0.003013
0.003013
0.003012
0.003012
0.003011
0.003011
0.003011
0.003010
0.003010
0.003010
0.003009
0.003009
0.003009
0.003008
0.003008
0.003008
0.003007
0.003007
0.003007
0.003006
0.003006
0.003006
0.003005
0.003005
0.003005
0.003004
0.003004
0.003003
0.003003
0.003003
0.003002
0.003002
0.003002
0.003001
0.003001
0.003001
0.003000
0.003000
0.003000
0.002999
0.002999
0.002999
0.002998
0.002998
0.002998
0.002997
0.002997
0.002997
0.002996
0.002996
0.002995
0.002995
0.002995
0.002994
0.002994
0.002994
0.002993
0.002993
0.002993
0.002992
0.002992
0.002992
0.002991
0.002991
0.002991
0.002990
0.002990
0.002990
0.002989
0.002989
0.002989
0.002988
0.002988
0.002988
0.002987
0.002987
0.002987
0.002986
0.002986
0.002985
0.002985
0.002985
0.002984
0.002984
0.002984
0.002983
0.002983
0.002983
0.002982
0.002982
0.002982
0.002981
0.002981
0.002981
0.002980
0.002980
0.002980
0.002979
0.002979
0.002979
0.002978
0.002978
0.002978
0.002977
0.002977
0.002977
0.002976
0.002976
0.002976
0.002975
0.002975
0.002975
0.002974
0.002974
0.002974
0.002973
0.002973
0.002972
0.002972
0.002972
0.002971
0.002971
0.002971
0.002970
0.002970
0.002970
0.002969
0.002969
0.002969
0.002968
0.002968
0.002968
0.002967
0.002967
0.002967
0.002966
0.002966
0.002966
0.002965
0.002965
0.002965
0.002964
0.002964
0.002964
0.002963
0.002963
0.002963
0.002962
0.002962
0.002962
0.002961
0.002961
0.002961
0.002960
0.002960
0.002960
0.002959
0.002959
0.002959
0.002958
0.002958
0.002958
0.002957
0.002957
0.002957
0.002956
0.002956
0.002956
0.002955
0.002955
0.002955
0.002954
0.002954
0.002954
0.002953
0.002953
0.002952
0.002952
0.002952
0.002951
0.002951
0.002951
0.002950
0.002950
0.002950
0.002949
0.002949
0.002949
0.002948
0.002948
0.002948
0.002947
0.002947
0.002947
0.002946
0.002946
0.002946
0.002945
0.002945
0.002945
0.002944
0.002944
0.002944
0.002943
0.002943
0.002943
0.002942
0.002942
0.002942
0.002941
0.002941
0.002941
0.002940
0.002940
0.002940
0.002939
0.002939
0.002939
0.002938
0.002938
0.002938
0.002937
0.002937
0.002937
0.002936
0.002936
0.002936
0.002935
0.002935
0.002935
0.002934
0.002934
0.002934
0.002933
0.002933
0.002933
0.002932
0.002932
0.002932
0.002931
0.002931
0.002931
0.002930
0.002930
0.002930
0.002929
0.002929
0.002929
0.002928
0.002928
0.002928
0.002927
0.002927
0.002927
0.002926
0.002926
0.002926
0.002925
0.002925
0.002925
0.002924
0.002924
0.002924
0.002923
0.002923
0.002923
0.002923
0.002922
0.002922
0.002922
0.002921
0.002921
0.002921
0.002920
0.002920
0.002920
0.002919
0.002919
0.002919
0.002918
0.002918
0.002918
0.002917
0.002917
0.002917
0.002916
0.002916
0.002916
0.002915
0.002915
0.002915
0.002914
0.002914
0.002914
0.002913
0.002913
0.002913
0.002912
0.002912
0.002912
0.002911
0.002911
0.002911
0.002910
0.002910
0.002910
0.002909
0.002909
0.002909
0.002908
0.002908
0.002908
0.002907
0.002907
0.002907
0.002906
0.002906
0.002906
0.002905
0.002905
0.002905
0.002904
0.002904
0.002904
0.002903
0.002903
0.002903
0.002903
0.002902
0.002902
0.002902
0.002901
0.002901
0.002901
0.002900
0.002900
0.002900
0.002899
0.002899
0.002899
0.002898
0.002898
0.002898
0.002897
0.002897
0.002897
0.002896
0.002896
0.002896
0.002895
0.002895
0.002895
0.002894
0.002894
0.002894
0.002893
0.002893
0.002893
0.002892
0.002892
0.002892
0.002891
0.002891
0.002891
0.002891
0.002890
0.002890
0.002890
0.002889
0.002889
0.002889
0.002888
0.002888
0.002888
0.002887
0.002887
0.002887
0.002886
0.002886
0.002886
0.002885
0.002885
0.002885
0.002884
0.002884
0.002884
0.002883
0.002883
0.002883
0.002882
0.002882
0.002882
0.002881
0.002881
0.002881
0.002881
0.002880
